	2.0	3.0	4.0	5.0	6.0	7.0	8.0	9.0	10.0	11.0	12.0	13.0	14.0	15.0	16.0	17.0	18.0	19.0	20.0	21.0	22.0	23.0	24.0	25.0	26.0	27.0	28.0	29.0	30.0	31.0	32.0	33.0	34.0	35.0	36.0	37.0	38.0	39.0	40.0
1179-1	15036595.0	2306478.0	1408194.0	952983.0	754649.0	685283.0	677090.0	694093.0	733052.0	780400.0	828166.0	868299.0	899916.0	929799.0	959183.0	990462.0	1023661.0	1065238.0	1123563.0	1213478.0	1366156.0	1567393.0	1821084.0	2125457.0	2488285.0	2901449.0	3366420.0	3903124.0	4562323.0	5394830.0	6455310.0	7885225.0	9848050.0	12602742.0	16476301.0	20948185.0	23391477.0	17166282.0	856040.0
	2.0	3.0	4.0	5.0	6.0	7.0	8.0	9.0	10.0	11.0	12.0	13.0	14.0	15.0	16.0	17.0	18.0	19.0	20.0	21.0	22.0	23.0	24.0	25.0	26.0	27.0	28.0	29.0	30.0	31.0	32.0	33.0	34.0	35.0	36.0	37.0	38.0	39.0	40.0
1211-1	32950733.0	5191605.0	3065408.0	2045191.0	1615427.0	1474378.0	1457725.0	1500212.0	1580739.0	1684593.0	1779188.0	1857701.0	1925985.0	1991409.0	2048387.0	2108052.0	2181117.0	2270081.0	2389975.0	2577639.0	2885526.0	3316158.0	3855155.0	4526364.0	5318469.0	6218255.0	7241316.0	8416875.0	9873068.0	11695155.0	14051482.0	17239255.0	21608297.0	27659705.0	36056964.0	45433579.0	49156100.0	32223429.0	1366969.0
	2.0	3.0	4.0	5.0	6.0	7.0	8.0	9.0	10.0	11.0	12.0	13.0	14.0	15.0	16.0	17.0	18.0	19.0	20.0	21.0	22.0	23.0	24.0	25.0	26.0	27.0	28.0	29.0	30.0	31.0	32.0	33.0	34.0	35.0	36.0	37.0	38.0	39.0	40.0
1258-1	31467950.0	5130572.0	3085381.0	2083971.0	1656422.0	1514972.0	1505106.0	1555969.0	1648351.0	1760782.0	1869268.0	1956963.0	2030884.0	2096571.0	2164515.0	2234609.0	2315018.0	2409670.0	2537648.0	2740310.0	3067489.0	3533747.0	4121024.0	4847071.0	5703184.0	6693700.0	7814108.0	9098508.0	10687776.0	12684520.0	15271018.0	18733158.0	23483664.0	30135131.0	39470574.0	49987061.0	54436423.0	36754457.0	1662060.0
	2.0	3.0	4.0	5.0	6.0	7.0	8.0	9.0	10.0	11.0	12.0	13.0	14.0	15.0	16.0	17.0	18.0	19.0	20.0	21.0	22.0	23.0	24.0	25.0	26.0	27.0	28.0	29.0	30.0	31.0	32.0	33.0	34.0	35.0	36.0	37.0	38.0	39.0	40.0
126BG_CB_M1	1969830.0	540628.0	545348.0	444453.0	384019.0	341642.0	337396.0	354496.0	378367.0	395478.0	399294.0	402349.0	409491.0	416533.0	424072.0	436130.0	459346.0	495957.0	553653.0	638515.0	792018.0	1062053.0	1352845.0	1650405.0	1964118.0	2297888.0	2661054.0	3074246.0	3562860.0	4171473.0	4974839.0	6083168.0	8059738.0	12948791.0	47466350.0	1896786.0	2607253.0	2792699.0	463828.0
	2.0	3.0	4.0	5.0	6.0	7.0	8.0	9.0	10.0	11.0	12.0	13.0	14.0	15.0	16.0	17.0	18.0	19.0	20.0	21.0	22.0	23.0	24.0	25.0	26.0	27.0	28.0	29.0	30.0	31.0	32.0	33.0	34.0	35.0	36.0	37.0	38.0	39.0	40.0
146BO_JB_M1	1783179.0	490507.0	499519.0	413219.0	357839.0	318374.0	315949.0	333604.0	354043.0	372029.0	376335.0	377931.0	382620.0	389852.0	398069.0	410735.0	432440.0	467187.0	520751.0	599595.0	743972.0	999905.0	1278965.0	1554755.0	1847416.0	2155871.0	2491168.0	2863165.0	3309186.0	3851472.0	4561436.0	5581466.0	7345582.0	11683714.0	41804282.0	1679187.0	2281199.0	2441447.0	429214.0
	2.0	3.0	4.0	5.0	6.0	7.0	8.0	9.0	10.0	11.0	12.0	13.0	14.0	15.0	16.0	17.0	18.0	19.0	20.0	21.0	22.0	23.0	24.0	25.0	26.0	27.0	28.0	29.0	30.0	31.0	32.0	33.0	34.0	35.0	36.0
149BP_AB_M1	4405051.0	1390095.0	1211901.0	890170.0	703803.0	588424.0	527919.0	491041.0	468167.0	459384.0	462006.0	469289.0	489358.0	511793.0	544252.0	588982.0	654198.0	740406.0	868853.0	1063847.0	1414454.0	2023957.0	2645899.0	3234057.0	3804178.0	4406073.0	5041636.0	5789829.0	6689990.0	7859150.0	9497572.0	12017388.0	16640535.0	28888232.0	131533930.0
	2.0	3.0	4.0	5.0	6.0	7.0	8.0	9.0	10.0	11.0	12.0	13.0	14.0	15.0	16.0	17.0	18.0	19.0	20.0	21.0	22.0	23.0	24.0	25.0	26.0	27.0	28.0	29.0	30.0	31.0	32.0	33.0	34.0	35.0	36.0	37.0	38.0	39.0	40.0
153BR_JB_M1	1943452.0	540099.0	543751.0	444258.0	383737.0	342266.0	340369.0	359887.0	385105.0	403095.0	410216.0	414668.0	421509.0	427699.0	435944.0	450224.0	472458.0	511709.0	569280.0	657613.0	815689.0	1096040.0	1405010.0	1722282.0	2052713.0	2407158.0	2796642.0	3251851.0	3769059.0	4427012.0	5271856.0	6497073.0	8601561.0	13814138.0	53010350.0	1983062.0	2708293.0	3112160.0	636428.0
	2.0	3.0	4.0	5.0	6.0	7.0	8.0	9.0	10.0	11.0	12.0	13.0	14.0	15.0	16.0	17.0	18.0	19.0	20.0	21.0	22.0	23.0	24.0	25.0	26.0	27.0	28.0	29.0	30.0	31.0	32.0	33.0	34.0	35.0	36.0	37.0	38.0	39.0	40.0
163BV_JE_M1	1865076.0	510453.0	512957.0	422428.0	364669.0	323824.0	320807.0	338736.0	359504.0	376916.0	380238.0	383378.0	389121.0	396015.0	402409.0	414243.0	435664.0	472191.0	526428.0	609894.0	756445.0	1015327.0	1297200.0	1579838.0	1874297.0	2187413.0	2529653.0	2914807.0	3373924.0	3933191.0	4671944.0	5725918.0	7551031.0	12053019.0	44830725.0	1740530.0	2398285.0	2587659.0	456490.0
	2.0	3.0	4.0	5.0	6.0	7.0	8.0	9.0	10.0	11.0	12.0	13.0	14.0	15.0	16.0	17.0	18.0	19.0	20.0	21.0	22.0	23.0	24.0	25.0	26.0	27.0	28.0	29.0	30.0	31.0	32.0	33.0	34.0	35.0	36.0	37.0	38.0	39.0	40.0
164BW_KC_M1	1871970.0	540631.0	550498.0	454867.0	396112.0	353910.0	350887.0	372880.0	398813.0	419504.0	424942.0	429251.0	434766.0	443089.0	451013.0	465274.0	489821.0	528904.0	589546.0	680668.0	842221.0	1133216.0	1453918.0	1787136.0	2131466.0	2502883.0	2903725.0	3359404.0	3893136.0	4554701.0	5414468.0	6658937.0	8804383.0	14122958.0	51441376.0	2001608.0	2736813.0	2985284.0	546988.0
	2.0	3.0	4.0	5.0	6.0	7.0	8.0	9.0	10.0	11.0	12.0	13.0	14.0	15.0	16.0	17.0	18.0	19.0	20.0	21.0	22.0	23.0	24.0	25.0	26.0	27.0	28.0	29.0	30.0	31.0	32.0	33.0	34.0	35.0	36.0	37.0	38.0	39.0	40.0
167BZ_SP_M1	3192059.0	865461.0	822963.0	613368.0	469334.0	383367.0	338898.0	313596.0	298004.0	294144.0	297106.0	305661.0	313498.0	325656.0	341737.0	366366.0	400095.0	450501.0	523428.0	630291.0	827179.0	1152518.0	1475369.0	1776643.0	2070720.0	2373507.0	2703951.0	3090623.0	3562213.0	4183277.0	5054742.0	6413104.0	8947067.0	15853275.0	62233921.0	93974.0	129936.0	135656.0	22168.0
	11.0	12.0	13.0	14.0	15.0	16.0	17.0	18.0	19.0	20.0	21.0	22.0	23.0	24.0	25.0	26.0	27.0	28.0	29.0	30.0	31.0	32.0	33.0	34.0	35.0	36.0	37.0
193CP_LS	132.0	2680.0	14399.0	27483.0	31940.0	35652.0	48759.0	65014.0	76370.0	76102.0	85583.0	113050.0	166308.0	232512.0	332176.0	454401.0	656647.0	908264.0	1288696.0	1712583.0	2377026.0	3212442.0	4820199.0	7896792.0	19096622.0	152510772.0	69196315.0
	2.0	3.0	4.0	5.0	6.0	7.0	8.0	9.0	10.0	11.0	12.0	13.0	14.0	15.0	16.0	17.0	18.0	19.0	20.0	21.0	22.0	23.0	24.0	25.0	26.0	27.0	28.0	29.0	30.0	31.0	32.0	33.0	34.0	35.0	36.0	37.0	38.0	39.0	40.0
204H_AM_M1	1770918.0	518408.0	529683.0	435385.0	377642.0	336905.0	336412.0	355749.0	381927.0	399739.0	407471.0	410190.0	417587.0	425497.0	432571.0	445363.0	469427.0	506263.0	563999.0	650723.0	804543.0	1080119.0	1389781.0	1706376.0	2042354.0	2396479.0	2787568.0	3234778.0	3755484.0	4397110.0	5246298.0	6463575.0	8582908.0	13819224.0	50358049.0	1964837.0	2774321.0	3085709.0	540352.0
	2.0	3.0	4.0	5.0	6.0	7.0	8.0	9.0	10.0	11.0	12.0	13.0	14.0	15.0	16.0	17.0	18.0	19.0	20.0	21.0	22.0	23.0	24.0	25.0	26.0	27.0	28.0	29.0	30.0	31.0	32.0	33.0	34.0	35.0	36.0	37.0	38.0	39.0	40.0
205E_BD_M1	1992574.0	570173.0	571871.0	467381.0	403934.0	356117.0	353988.0	372137.0	396457.0	413889.0	419638.0	423135.0	428251.0	435187.0	444872.0	458731.0	481782.0	520685.0	578882.0	669655.0	827157.0	1110315.0	1422819.0	1733678.0	2063960.0	2415964.0	2794168.0	3225463.0	3740549.0	4369214.0	5192370.0	6374942.0	8421710.0	13457407.0	49842322.0	1945785.0	2648011.0	2820360.0	494432.0
	2.0	3.0	4.0	5.0	6.0	7.0	8.0	9.0	10.0	11.0	12.0	13.0	14.0	15.0	16.0	17.0	18.0	19.0	20.0	21.0	22.0	23.0	24.0	25.0	26.0	27.0	28.0	29.0	30.0	31.0	32.0	33.0	34.0	35.0	36.0	37.0	38.0	39.0	40.0
210DB_BW_M1	2164511.0	543130.0	535940.0	430577.0	366058.0	324877.0	320839.0	335508.0	353630.0	369188.0	375346.0	375747.0	379581.0	386224.0	392846.0	403966.0	426784.0	458972.0	512333.0	589113.0	728005.0	973220.0	1229552.0	1489205.0	1759388.0	2035538.0	2339443.0	2689792.0	3097318.0	3603694.0	4264361.0	5217237.0	6869774.0	10942629.0	42222209.0	1537765.0	2113824.0	2543007.0	608456.0
	2.0	3.0	4.0	5.0	6.0	7.0	8.0	9.0	10.0	11.0	12.0	13.0	14.0	15.0	16.0	17.0	18.0	19.0	20.0	21.0	22.0	23.0	24.0	25.0	26.0	27.0	28.0	29.0	30.0	31.0	32.0	33.0	34.0	35.0	36.0	37.0	38.0	39.0	40.0
227DJ_JP_M1	1773556.0	496853.0	501994.0	412076.0	354816.0	316071.0	313220.0	330928.0	351586.0	368471.0	373052.0	375121.0	381179.0	387888.0	394579.0	406710.0	428824.0	463735.0	516533.0	598156.0	742532.0	994000.0	1273904.0	1555404.0	1850683.0	2165226.0	2506984.0	2896434.0	3357504.0	3927608.0	4669674.0	5736232.0	7583687.0	12146880.0	45779987.0	1701829.0	2351839.0	2612228.0	474415.0
	2.0	3.0	4.0	5.0	6.0	7.0	8.0	9.0	10.0	11.0	12.0	13.0	14.0	15.0	16.0	17.0	18.0	19.0	20.0	21.0	22.0	23.0	24.0	25.0	26.0	27.0	28.0	29.0	30.0	31.0	32.0	33.0	34.0	35.0	36.0	37.0	38.0	39.0	40.0
247DT_SH_M1	2092913.0	622668.0	618311.0	497837.0	422266.0	372107.0	367620.0	384738.0	408110.0	426940.0	432251.0	436260.0	442121.0	448611.0	459495.0	472054.0	497203.0	533924.0	592050.0	681079.0	841302.0	1127258.0	1438123.0	1754878.0	2087654.0	2440407.0	2827314.0	3268813.0	3793864.0	4438727.0	5287854.0	6502362.0	8614350.0	13868860.0	51265859.0	2017080.0	2793277.0	3104315.0	583182.0
	2.0	3.0	4.0	5.0	6.0	7.0	8.0	9.0	10.0	11.0	12.0	13.0	14.0	15.0	16.0	17.0	18.0	19.0	20.0	21.0	22.0	23.0	24.0	25.0	26.0	27.0	28.0	29.0	30.0	31.0	32.0	33.0	34.0	35.0	36.0	37.0	38.0	39.0	40.0
250DV_LR_M1	1102593.0	210070.0	143039.0	106294.0	90062.0	87815.0	88924.0	93716.0	99272.0	107479.0	117026.0	125829.0	133951.0	140647.0	148235.0	153301.0	159025.0	168197.0	179483.0	196093.0	217411.0	248164.0	287875.0	338080.0	402151.0	478142.0	571011.0	678574.0	818749.0	1000535.0	1245372.0	1592030.0	2201328.0	3272115.0	5489197.0	9752431.0	15863865.0	19301091.0	3476783.0
	2.0	3.0	4.0	5.0	6.0	7.0	8.0	9.0	10.0	11.0	12.0	13.0	14.0	15.0	16.0	17.0	18.0	19.0	20.0	21.0	22.0	23.0	24.0	25.0	26.0	27.0	28.0	29.0	30.0	31.0	32.0	33.0	34.0	35.0	36.0	37.0	38.0	39.0	40.0
251DW_SD_M1	967707.0	200546.0	135658.0	101257.0	85708.0	83008.0	84645.0	88591.0	94358.0	102155.0	110096.0	119195.0	126737.0	133350.0	139909.0	144342.0	150666.0	158993.0	168472.0	184374.0	204609.0	232825.0	270518.0	317293.0	376948.0	447096.0	535169.0	634884.0	764872.0	934776.0	1164071.0	1489455.0	2049790.0	3052267.0	5116657.0	9119550.0	14892874.0	18133652.0	3263535.0
	2.0	3.0	4.0	5.0	6.0	7.0	8.0	9.0	10.0	11.0	12.0	13.0	14.0	15.0	16.0	17.0	18.0	19.0	20.0	21.0	22.0	23.0	24.0	25.0	26.0	27.0	28.0	29.0	30.0	31.0	32.0	33.0	34.0	35.0	36.0	37.0	38.0	39.0	40.0
252DX_DC_M1	1220915.0	254091.0	170147.0	124651.0	105358.0	101907.0	102970.0	108100.0	115274.0	124028.0	133800.0	143375.0	152382.0	159355.0	167012.0	171819.0	178129.0	188356.0	198363.0	216093.0	239871.0	271616.0	316305.0	373077.0	442864.0	526005.0	627047.0	744328.0	898437.0	1097273.0	1362926.0	1738756.0	2386708.0	3556276.0	5960903.0	10534442.0	16787732.0	19251380.0	3211657.0
	2.0	3.0	4.0	5.0	6.0	7.0	8.0	9.0	10.0	11.0	12.0	13.0	14.0	15.0	16.0	17.0	18.0	19.0	20.0	21.0	22.0	23.0	24.0	25.0	26.0	27.0	28.0	29.0	30.0	31.0	32.0	33.0	34.0	35.0	36.0	37.0	38.0	39.0	40.0
253DY_HA_M1	931466.0	185923.0	127706.0	94345.0	80643.0	78285.0	78976.0	83538.0	87995.0	95274.0	104361.0	112017.0	119973.0	125810.0	131565.0	137514.0	143857.0	151025.0	160440.0	175745.0	195105.0	221504.0	257041.0	303048.0	359733.0	425980.0	508853.0	605697.0	728809.0	891876.0	1107859.0	1417219.0	1931819.0	2847019.0	4712456.0	8416630.0	13969332.0	17675184.0	3373756.0
	2.0	3.0	4.0	5.0	6.0	7.0	8.0	9.0	10.0	11.0	12.0	13.0	14.0	15.0	16.0	17.0	18.0	19.0	20.0	21.0	22.0	23.0	24.0	25.0	26.0	27.0	28.0	29.0	30.0	31.0	32.0	33.0	34.0	35.0	36.0	37.0	38.0	39.0	40.0
254DZ_WP_M1	2340039.0	464054.0	312920.0	227705.0	192651.0	186391.0	188851.0	197327.0	207657.0	223267.0	239151.0	257168.0	271516.0	283383.0	297082.0	303307.0	312483.0	328118.0	344156.0	369588.0	408412.0	462718.0	538021.0	636947.0	760742.0	913718.0	1096316.0	1306695.0	1587381.0	1954162.0	2448330.0	3151580.0	4340791.0	6428466.0	10828093.0	19428949.0	31379834.0	38524298.0	8171752.0
	2.0	3.0	4.0	5.0	6.0	7.0	8.0	9.0	10.0	11.0	12.0	13.0	14.0	15.0	16.0	17.0	18.0	19.0	20.0	21.0	22.0	23.0	24.0	25.0	26.0	27.0	28.0	29.0	30.0	31.0	32.0	33.0	34.0	35.0	36.0	37.0	38.0	39.0	40.0
255EA_GC_M1	1128135.0	226834.0	150538.0	108390.0	90861.0	87097.0	87435.0	91675.0	96675.0	103801.0	112422.0	121726.0	128057.0	134806.0	141382.0	145415.0	151119.0	158839.0	169217.0	183554.0	203579.0	230736.0	269150.0	315678.0	374051.0	444298.0	529467.0	630255.0	756796.0	925518.0	1148549.0	1465834.0	2019386.0	2994523.0	5061018.0	9162738.0	14703270.0	17256708.0	2971593.0
	2.0	3.0	4.0	5.0	6.0	7.0	8.0	9.0	10.0	11.0	12.0	13.0	14.0	15.0	16.0	17.0	18.0	19.0	20.0	21.0	22.0	23.0	24.0	25.0	26.0	27.0	28.0	29.0	30.0	31.0	32.0	33.0	34.0	35.0	36.0	37.0	38.0	39.0	40.0
26I_SK_M1	1256455.0	277064.0	180977.0	130540.0	110001.0	105980.0	107163.0	112983.0	119569.0	128213.0	138020.0	149566.0	159000.0	166530.0	174725.0	180098.0	187439.0	198394.0	210648.0	229418.0	253209.0	289337.0	336903.0	395335.0	469157.0	557896.0	669300.0	794296.0	957736.0	1177771.0	1464237.0	1872150.0	2555054.0	3765772.0	6330747.0	11397001.0	18721791.0	21915177.0	3649133.0
	2.0	3.0	4.0	5.0	6.0	7.0	8.0	9.0	10.0	11.0	12.0	13.0	14.0	15.0	16.0	17.0	18.0	19.0	20.0	21.0	22.0	23.0	24.0	25.0	26.0	27.0	28.0	29.0	30.0	31.0	32.0	33.0	34.0	35.0	36.0	37.0	38.0	39.0	40.0
361AL_CC_M1	2169013.0	601766.0	604022.0	491242.0	421802.0	374012.0	368969.0	386441.0	409536.0	428160.0	432701.0	434583.0	440446.0	447187.0	455182.0	469763.0	493574.0	534516.0	594081.0	686134.0	848086.0	1140112.0	1452527.0	1765612.0	2093340.0	2437698.0	2809056.0	3229800.0	3734301.0	4351788.0	5160759.0	6322808.0	8337944.0	13308846.0	48472777.0	1931645.0	2652522.0	2854858.0	502872.0
	2.0	3.0	4.0	5.0	6.0	7.0	8.0	9.0	10.0	11.0	12.0	13.0	14.0	15.0	16.0	17.0	18.0	19.0	20.0	21.0	22.0	23.0	24.0	25.0	26.0	27.0	28.0	29.0	30.0	31.0	32.0	33.0	34.0	35.0	36.0
373HQ_BTG_M1	3143828.0	955140.0	1000692.0	815126.0	670813.0	573533.0	527855.0	506740.0	493665.0	491742.0	497527.0	511777.0	528117.0	552806.0	584454.0	632004.0	692332.0	772943.0	883130.0	1038768.0	1314363.0	1778055.0	2283310.0	2789594.0	3306695.0	3852702.0	4448802.0	5139060.0	5978676.0	7045709.0	8523037.0	10743045.0	14700229.0	24670979.0	82924551.0
	2.0	3.0	4.0	5.0	6.0	7.0	8.0	9.0	10.0	11.0	12.0	13.0	14.0	15.0	16.0	17.0	18.0	19.0	20.0	21.0	22.0	23.0	24.0	25.0	26.0	27.0	28.0	29.0	30.0	31.0	32.0	33.0	34.0	35.0	36.0	37.0	38.0	39.0	40.0
37L_NA_M1	1757739.0	314113.0	211196.0	155188.0	131065.0	124328.0	122130.0	125548.0	130259.0	136912.0	145156.0	152703.0	159063.0	163792.0	168106.0	173850.0	179167.0	189290.0	201907.0	216649.0	242234.0	279848.0	326938.0	389840.0	469965.0	564041.0	677520.0	812914.0	988726.0	1222492.0	1534875.0	1994532.0	2823895.0	4371437.0	7270542.0	11936012.0	17563425.0	17674478.0	2109050.0
	2.0	3.0	4.0	5.0	6.0	7.0	8.0	9.0	10.0	11.0	12.0	13.0	14.0	15.0	16.0	17.0	18.0	19.0	20.0	21.0	22.0	23.0	24.0	25.0	26.0	27.0	28.0	29.0	30.0	31.0	32.0	33.0	34.0	35.0	36.0	37.0	38.0	39.0	40.0
41M_MW_M1	2452954.0	438832.0	299408.0	220529.0	184973.0	178692.0	178180.0	186040.0	197465.0	210301.0	224218.0	239943.0	251506.0	261162.0	271614.0	276750.0	284836.0	295965.0	310380.0	334076.0	368302.0	417020.0	483989.0	571939.0	684568.0	816712.0	977637.0	1160100.0	1397160.0	1710416.0	2133026.0	2736583.0	3739368.0	5542910.0	9397406.0	16794283.0	26198796.0	30755833.0	6141245.0
	2.0	3.0	4.0	5.0	6.0	7.0	8.0	9.0	10.0	11.0	12.0	13.0	14.0	15.0	16.0	17.0	18.0	19.0	20.0	21.0	22.0	23.0	24.0	25.0	26.0	27.0	28.0	29.0	30.0	31.0	32.0	33.0	34.0	35.0	36.0	37.0	38.0	39.0	40.0
46N_RL_M1	3617408.0	691659.0	432803.0	304022.0	249365.0	234265.0	232125.0	239461.0	251631.0	266122.0	284510.0	302911.0	317595.0	328582.0	341732.0	349904.0	360292.0	375359.0	393403.0	423949.0	469063.0	530646.0	614634.0	724465.0	861359.0	1031177.0	1233905.0	1469736.0	1774714.0	2183045.0	2727624.0	3516788.0	4822573.0	7099538.0	11751625.0	20754873.0	34540288.0	44410601.0	9356251.0
	2.0	3.0	4.0	5.0	6.0	7.0	8.0	9.0	10.0	11.0	12.0	13.0	14.0	15.0	16.0	17.0	18.0	19.0	20.0	21.0	22.0	23.0	24.0	25.0	26.0	27.0	28.0	29.0	30.0	31.0	32.0	33.0	34.0	35.0	36.0	37.0	38.0	39.0	40.0
49O_NM_M1	9509083.0	2082357.0	1380407.0	1002341.0	846109.0	819431.0	827991.0	874395.0	930785.0	1003610.0	1086041.0	1172093.0	1239019.0	1300363.0	1364113.0	1407239.0	1467397.0	1543581.0	1639409.0	1785307.0	1981577.0	2252935.0	2620838.0	3094936.0	3683089.0	4392138.0	5252574.0	6249260.0	7548826.0	9255080.0	11533663.0	14761031.0	20221418.0	30024694.0	50624651.0	90017183.0	148024201.0	176171554.0	30972486.0
	2.0	3.0	4.0	5.0	6.0	7.0	8.0	9.0	10.0	11.0	12.0	13.0	14.0	15.0	16.0	17.0	18.0	19.0	20.0	21.0	22.0	23.0	24.0	25.0	26.0	27.0	28.0	29.0	30.0	31.0	32.0	33.0	34.0	35.0	36.0	37.0	38.0	39.0	40.0
65T_CR_M1	2493493.0	490115.0	320598.0	231542.0	193112.0	185179.0	184192.0	191252.0	201828.0	214762.0	229257.0	245767.0	259478.0	270593.0	283904.0	289534.0	298864.0	313214.0	331532.0	358182.0	396955.0	448586.0	520687.0	613052.0	732373.0	877189.0	1054094.0	1261224.0	1528437.0	1888393.0	2375944.0	3077693.0	4257418.0	6318222.0	10508022.0	18586816.0	30602934.0	38417914.0	7893757.0
	2.0	3.0	4.0	5.0	6.0	7.0	8.0	9.0	10.0	11.0	12.0	13.0	14.0	15.0	16.0	17.0	18.0	19.0	20.0	21.0	22.0	23.0	24.0	25.0	26.0	27.0	28.0	29.0	30.0	31.0	32.0	33.0	34.0	35.0	36.0	37.0	38.0	39.0	40.0
81AB_MM_M1	1999340.0	551740.0	561905.0	462970.0	401382.0	356004.0	354741.0	375613.0	400960.0	421730.0	427731.0	430887.0	436898.0	443949.0	453673.0	467977.0	492640.0	532243.0	593608.0	686976.0	853589.0	1146910.0	1472341.0	1798032.0	2146186.0	2514977.0	2914803.0	3373361.0	3918811.0	4583355.0	5455444.0	6703025.0	8873036.0	14207221.0	54719313.0	2014182.0	2841558.0	3248106.0	604702.0
	11.0	12.0	13.0	14.0	15.0	16.0	17.0	18.0	19.0	20.0	21.0	22.0	23.0	24.0	25.0	26.0	27.0	28.0	29.0	30.0	31.0	32.0	33.0	34.0	35.0	36.0	37.0
92AI_SM	106.0	2217.0	8187.0	10693.0	9322.0	7794.0	8587.0	11236.0	17339.0	25866.0	39755.0	53452.0	71563.0	91339.0	118390.0	149202.0	203967.0	272784.0	385335.0	522839.0	756468.0	1086082.0	1746604.0	3110289.0	8182500.0	63317170.0	29048405.0
	2.0	3.0	4.0	5.0	6.0	7.0	8.0	9.0	10.0	11.0	12.0	13.0	14.0	15.0	16.0	17.0	18.0	19.0	20.0	21.0	22.0	23.0	24.0	25.0	26.0	27.0	28.0	29.0	30.0	31.0	32.0	33.0	34.0	35.0	36.0	37.0	38.0	39.0	40.0
9C_DH_M1	2629943.0	513131.0	336981.0	245783.0	205415.0	196679.0	197215.0	206665.0	218396.0	233784.0	250263.0	268516.0	281857.0	295774.0	309482.0	316436.0	328232.0	343118.0	362098.0	391294.0	433829.0	491185.0	569342.0	671154.0	800162.0	957931.0	1151130.0	1371423.0	1660901.0	2046857.0	2560778.0	3301429.0	4550670.0	6732753.0	11153488.0	19824809.0	32876981.0	41706576.0	9089544.0
	2.0	3.0	4.0	5.0	6.0	7.0	8.0	9.0	10.0	11.0	12.0	13.0	14.0	15.0	16.0	17.0	18.0	19.0	20.0	21.0	22.0	23.0	24.0	25.0	26.0	27.0	28.0	29.0	30.0	31.0	32.0	33.0	34.0	35.0	36.0	37.0	38.0	39.0	40.0
B09-24-1RNA_UNKNOWN	7229605.0	2022088.0	2019380.0	1620239.0	1339471.0	1162814.0	1095656.0	1083124.0	1068397.0	1049364.0	1049666.0	1078055.0	1116378.0	1180412.0	1250920.0	1336052.0	1449405.0	1590104.0	1784810.0	2066241.0	2554293.0	3397533.0	4337627.0	5281782.0	6248483.0	7278565.0	8373856.0	9609031.0	11062000.0	12847200.0	15201727.0	18574243.0	24169510.0	36575223.0	89973984.0	5950561.0	11338787.0	17301656.0	4613530.0
	2.0	3.0	4.0	5.0	6.0	7.0	8.0	9.0	10.0	11.0	12.0	13.0	14.0	15.0	16.0	17.0	18.0	19.0	20.0	21.0	22.0	23.0	24.0	25.0	26.0	27.0	28.0	29.0	30.0	31.0	32.0	33.0	34.0	35.0	36.0	37.0	38.0	39.0	40.0
B09-25-1RNA	1049857.0	111943.0	84323.0	63732.0	54407.0	52036.0	50735.0	51223.0	52887.0	55319.0	59368.0	65836.0	68783.0	71354.0	74503.0	76386.0	78344.0	81709.0	85777.0	91762.0	97882.0	108276.0	123042.0	142072.0	168297.0	200898.0	241064.0	280485.0	337184.0	418622.0	536549.0	715288.0	1065129.0	1784503.0	3517516.0	7551014.0	14515558.0	22624376.0	6334081.0
	2.0	3.0	4.0	5.0	6.0	7.0	8.0	9.0	10.0	11.0	12.0	13.0	14.0	15.0	16.0	17.0	18.0	19.0	20.0	21.0	22.0	23.0	24.0	25.0	26.0	27.0	28.0	29.0	30.0	31.0	32.0	33.0	34.0	35.0	36.0
B09-40-1M	2616663.0	742368.0	753205.0	592400.0	473620.0	391157.0	344741.0	317157.0	297827.0	292204.0	291207.0	296193.0	303665.0	311926.0	329149.0	354675.0	390973.0	438689.0	507822.0	607101.0	780156.0	1071645.0	1373649.0	1657937.0	1941024.0	2235780.0	2553101.0	2924379.0	3371169.0	3948331.0	4764847.0	6040303.0	8376825.0	14609216.0	53156028.0
	2.0	3.0	4.0	5.0	6.0	7.0	8.0	9.0	10.0	11.0	12.0	13.0	14.0	15.0	16.0	17.0	18.0	19.0	20.0	21.0	22.0	23.0	24.0	25.0	26.0	27.0	28.0	29.0	30.0	31.0	32.0	33.0	34.0	35.0	36.0	37.0	38.0	39.0	40.0
B10-02-1RNA	8415786.0	1681763.0	1059367.0	723025.0	600060.0	560400.0	556000.0	575040.0	615257.0	671404.0	730632.0	786246.0	828542.0	871692.0	911836.0	952043.0	994946.0	1044834.0	1109237.0	1201224.0	1339297.0	1520846.0	1750975.0	2040064.0	2387563.0	2805567.0	3285206.0	3818956.0	4488010.0	5328272.0	6343068.0	7693539.0	9554576.0	12123640.0	15973496.0	21610695.0	27455949.0	27847340.0	4401902.0
	2.0	3.0	4.0	5.0	6.0	7.0	8.0	9.0	10.0	11.0	12.0	13.0	14.0	15.0	16.0	17.0	18.0	19.0	20.0	21.0	22.0	23.0	24.0	25.0	26.0	27.0	28.0	29.0	30.0	31.0	32.0	33.0	34.0	35.0	36.0
B11-11-1M	2467151.0	677325.0	694506.0	546501.0	432015.0	357644.0	314622.0	289136.0	272664.0	265428.0	266135.0	270100.0	275965.0	282976.0	297232.0	318846.0	349646.0	390807.0	449197.0	535168.0	684957.0	936523.0	1188626.0	1425501.0	1656690.0	1894117.0	2153786.0	2450927.0	2818152.0	3288368.0	3950499.0	4981440.0	6871455.0	11869679.0	40375698.0
	2.0	3.0	4.0	5.0	6.0	7.0	8.0	9.0	10.0	11.0	12.0	13.0	14.0	15.0	16.0	17.0	18.0	19.0	20.0	21.0	22.0	23.0	24.0	25.0	26.0	27.0	28.0	29.0	30.0	31.0	32.0	33.0	34.0	35.0	36.0
B11-48-1M	2688529.0	771812.0	780150.0	614293.0	487285.0	404501.0	356826.0	327805.0	310480.0	301850.0	301825.0	307285.0	315574.0	325293.0	342832.0	368601.0	406680.0	457225.0	526885.0	630684.0	811764.0	1117747.0	1428695.0	1722264.0	2015217.0	2310641.0	2638574.0	3010164.0	3471859.0	4071675.0	4906902.0	6210060.0	8594460.0	14945217.0	53112941.0
	2.0	3.0	4.0	5.0	6.0	7.0	8.0	9.0	10.0	11.0	12.0	13.0	14.0	15.0	16.0	17.0	18.0	19.0	20.0	21.0	22.0	23.0	24.0	25.0	26.0	27.0	28.0	29.0	30.0	31.0	32.0	33.0	34.0	35.0	36.0
B12-21-1M	2977896.0	804283.0	826184.0	657184.0	527229.0	438059.0	388914.0	356128.0	339357.0	332080.0	331157.0	337320.0	345022.0	357714.0	376227.0	407876.0	450882.0	507437.0	587470.0	701729.0	906376.0	1251527.0	1600060.0	1926524.0	2249204.0	2574090.0	2934939.0	3338749.0	3838960.0	4481570.0	5394334.0	6808565.0	9417215.0	16368218.0	60390243.0
	2.0	3.0	4.0	5.0	6.0	7.0	8.0	9.0	10.0	11.0	12.0	13.0	14.0	15.0	16.0	17.0	18.0	19.0	20.0	21.0	22.0	23.0	24.0	25.0	26.0	27.0	28.0	29.0	30.0	31.0	32.0	33.0	34.0	35.0	36.0	37.0	38.0	39.0	40.0
B12-30RNA	7451878.0	907603.0	527907.0	334821.0	304034.0	312592.0	334599.0	284304.0	290919.0	310663.0	339363.0	374011.0	397216.0	413787.0	444172.0	454665.0	484221.0	511087.0	546935.0	597013.0	660530.0	760101.0	892358.0	1066222.0	1329531.0	1617377.0	1916958.0	2193751.0	2650521.0	3292771.0	4186789.0	5525084.0	8016964.0	12220862.0	22007484.0	43342731.0	75587774.0	97483199.0	15299004.0
	2.0	3.0	4.0	5.0	6.0	7.0	8.0	9.0	10.0	11.0	12.0	13.0	14.0	15.0	16.0	17.0	18.0	19.0	20.0	21.0	22.0	23.0	24.0	25.0	26.0	27.0	28.0	29.0	30.0	31.0	32.0	33.0	34.0	35.0	36.0	37.0	38.0	39.0	40.0
B13-07-1M	8739217.0	1623004.0	1078111.0	735814.0	612171.0	574410.0	571284.0	597195.0	645854.0	707049.0	770563.0	823479.0	867542.0	908456.0	950502.0	995569.0	1041296.0	1096169.0	1166323.0	1260346.0	1404098.0	1612454.0	1885740.0	2242813.0	2694991.0	3250458.0	3912337.0	4632378.0	5592457.0	6848715.0	8520069.0	10876039.0	14410465.0	19887924.0	28381277.0	38811944.0	43813885.0	25988562.0	514014.0
	2.0	3.0	4.0	5.0	6.0	7.0	8.0	9.0	10.0	11.0	12.0	13.0	14.0	15.0	16.0	17.0	18.0	19.0	20.0	21.0	22.0	23.0	24.0	25.0	26.0	27.0	28.0	29.0	30.0	31.0	32.0	33.0	34.0	35.0	36.0	37.0	38.0	39.0	40.0
B13-07-1RNA	869152.0	105224.0	77035.0	57907.0	48989.0	47241.0	45988.0	47121.0	48364.0	51453.0	55096.0	59348.0	62749.0	65406.0	68581.0	69285.0	72419.0	75572.0	79260.0	85342.0	91229.0	100814.0	115126.0	134134.0	159380.0	191380.0	228519.0	265106.0	319290.0	400674.0	512330.0	678878.0	998940.0	1680254.0	3339441.0	7203460.0	13635650.0	20404684.0	5191173.0
	2.0	3.0	4.0	5.0	6.0	7.0	8.0	9.0	10.0	11.0	12.0	13.0	14.0	15.0	16.0	17.0	18.0	19.0	20.0	21.0	22.0	23.0	24.0	25.0	26.0	27.0	28.0	29.0	30.0	31.0	32.0	33.0	34.0	35.0	36.0	37.0	38.0	39.0	40.0
B13-15RNA	1602989.0	178570.0	127898.0	96125.0	81658.0	78493.0	75355.0	76326.0	79028.0	83289.0	87628.0	96268.0	100901.0	105931.0	110964.0	112577.0	116988.0	121682.0	126204.0	135268.0	144751.0	159887.0	180061.0	208831.0	244882.0	289670.0	344030.0	400344.0	478734.0	595771.0	760608.0	1002445.0	1449872.0	2361526.0	4601385.0	10034651.0	19315562.0	30695306.0	8624530.0
	2.0	3.0	4.0	5.0	6.0	7.0	8.0	9.0	10.0	11.0	12.0	13.0	14.0	15.0	16.0	17.0	18.0	19.0	20.0	21.0	22.0	23.0	24.0	25.0	26.0	27.0	28.0	29.0	30.0	31.0	32.0	33.0	34.0	35.0	36.0
B13-52-1M	2569619.0	709680.0	733347.0	584547.0	465245.0	385954.0	342365.0	315889.0	299999.0	293220.0	294232.0	299047.0	307035.0	317564.0	332666.0	358330.0	395285.0	443835.0	512008.0	611156.0	786415.0	1080613.0	1378673.0	1656336.0	1931819.0	2216345.0	2522761.0	2876975.0	3307332.0	3860676.0	4637886.0	5850624.0	8074491.0	13927781.0	47114951.0
	2.0	3.0	4.0	5.0	6.0	7.0	8.0	9.0	10.0	11.0	12.0	13.0	14.0	15.0	16.0	17.0	18.0	19.0	20.0	21.0	22.0	23.0	24.0	25.0	26.0	27.0	28.0	29.0	30.0	31.0	32.0	33.0	34.0	35.0	36.0	37.0	38.0	39.0	40.0
B14-07RNA	535732.0	86708.0	67433.0	50805.0	44479.0	44620.0	43871.0	46004.0	48315.0	51505.0	55739.0	62101.0	65706.0	68917.0	73965.0	75967.0	79907.0	85234.0	90037.0	98504.0	108820.0	123486.0	145882.0	176122.0	216621.0	262198.0	310828.0	369149.0	451831.0	574245.0	747197.0	1003562.0	1486200.0	2454984.0	4775982.0	10120790.0	18919222.0	26895610.0	6402527.0
	2.0	3.0	4.0	5.0	6.0	7.0	8.0	9.0	10.0	11.0	12.0	13.0	14.0	15.0	16.0	17.0	18.0	19.0	20.0	21.0	22.0	23.0	24.0	25.0	26.0	27.0	28.0	29.0	30.0	31.0	32.0	33.0	34.0	35.0	36.0	37.0	38.0	39.0	40.0
B14-117-1RNA-2	481311.0	74957.0	57108.0	42673.0	36881.0	37524.0	37759.0	38579.0	40068.0	42744.0	45820.0	51850.0	54579.0	57252.0	61357.0	62839.0	65782.0	69961.0	74027.0	80306.0	88011.0	99012.0	114374.0	135514.0	163493.0	198219.0	241878.0	282505.0	345343.0	437552.0	568464.0	766002.0	1145795.0	1986096.0	3987284.0	8694801.0	16615286.0	25330534.0	6856861.0
	2.0	3.0	4.0	5.0	6.0	7.0	8.0	9.0	10.0	11.0	12.0	13.0	14.0	15.0	16.0	17.0	18.0	19.0	20.0	21.0	22.0	23.0	24.0	25.0	26.0	27.0	28.0	29.0	30.0	31.0	32.0	33.0	34.0	35.0	36.0
B14-130-1M	2581816.0	763189.0	781378.0	612209.0	490818.0	405509.0	359295.0	329967.0	314020.0	306399.0	307788.0	313422.0	320317.0	331627.0	349779.0	375969.0	413928.0	464860.0	536420.0	641044.0	824304.0	1133137.0	1453229.0	1759288.0	2056471.0	2370834.0	2709485.0	3103372.0	3581919.0	4216417.0	5096886.0	6472542.0	8993630.0	15728289.0	58171679.0
	2.0	3.0	4.0	5.0	6.0	7.0	8.0	9.0	10.0	11.0	12.0	13.0	14.0	15.0	16.0	17.0	18.0	19.0	20.0	21.0	22.0	23.0	24.0	25.0	26.0	27.0	28.0	29.0	30.0	31.0	32.0	33.0	34.0	35.0	36.0	37.0	38.0	39.0	40.0
B14-48-1RNA	621018.0	81073.0	60826.0	46436.0	39869.0	39261.0	38626.0	40094.0	41234.0	43537.0	46470.0	52208.0	55024.0	57468.0	60605.0	61788.0	65299.0	68392.0	72575.0	78294.0	84944.0	94513.0	108155.0	127377.0	152166.0	182732.0	220091.0	256520.0	310288.0	389459.0	502174.0	666702.0	982664.0	1660529.0	3302172.0	6933974.0	13032547.0	20022340.0	5484244.0
	2.0	3.0	4.0	5.0	6.0	7.0	8.0	9.0	10.0	11.0	12.0	13.0	14.0	15.0	16.0	17.0	18.0	19.0	20.0	21.0	22.0	23.0	24.0	25.0	26.0	27.0	28.0	29.0	30.0	31.0	32.0	33.0	34.0	35.0	36.0	37.0	38.0	39.0	40.0
B14-70-1RNA	416331.0	61807.0	48682.0	37456.0	32644.0	33238.0	33067.0	33962.0	35346.0	38471.0	40903.0	46557.0	49283.0	51168.0	54935.0	56812.0	59370.0	62850.0	66489.0	73115.0	79731.0	89707.0	104594.0	125102.0	150969.0	185919.0	225425.0	265592.0	324374.0	412839.0	537119.0	726239.0	1090941.0	1860304.0	3748578.0	8228724.0	15669192.0	23280741.0	5875522.0
	2.0	3.0	4.0	5.0	6.0	7.0	8.0	9.0	10.0	11.0	12.0	13.0	14.0	15.0	16.0	17.0	18.0	19.0	20.0	21.0	22.0	23.0	24.0	25.0	26.0	27.0	28.0	29.0	30.0	31.0	32.0	33.0	34.0	35.0	36.0
B14-78-1-U	3034895.0	850823.0	893421.0	713389.0	569969.0	476300.0	424090.0	393078.0	374955.0	367785.0	369787.0	378387.0	388363.0	401251.0	422867.0	454556.0	501821.0	562768.0	652675.0	774609.0	999094.0	1374512.0	1759061.0	2126351.0	2479784.0	2846409.0	3246417.0	3705536.0	4256234.0	4981363.0	5995393.0	7585101.0	10499138.0	18322945.0	68557249.0
	2.0	3.0	4.0	5.0	6.0	7.0	8.0	9.0	10.0	11.0	12.0	13.0	14.0	15.0	16.0	17.0	18.0	19.0	20.0	21.0	22.0	23.0	24.0	25.0	26.0	27.0	28.0	29.0	30.0	31.0	32.0	33.0	34.0	35.0	36.0
B15-15_1_1	3009801.0	1076783.0	828122.0	631762.0	511850.0	451295.0	420543.0	416358.0	423229.0	417432.0	416553.0	425942.0	445090.0	483947.0	501431.0	557608.0	615491.0	700434.0	817820.0	989477.0	1274868.0	1737337.0	2328515.0	2691672.0	3202881.0	3850734.0	4335190.0	5073391.0	6018118.0	7280346.0	9106692.0	12068420.0	17848227.0	34845022.0	189885602.0
	2.0	3.0	4.0	5.0	6.0	7.0	8.0	9.0	10.0	11.0	12.0	13.0	14.0	15.0	16.0	17.0	18.0	19.0	20.0	21.0	22.0	23.0	24.0	25.0	26.0	27.0	28.0	29.0	30.0	31.0	32.0	33.0	34.0	35.0	36.0
B15-28_1_1	4590810.0	1596304.0	1174805.0	863399.0	679229.0	581710.0	530140.0	516238.0	518504.0	505907.0	501124.0	508173.0	527035.0	568085.0	591304.0	654357.0	722642.0	822222.0	957772.0	1153558.0	1490940.0	2023695.0	2673698.0	3052906.0	3589931.0	4268393.0	4711731.0	5476441.0	6433527.0	7722778.0	9592175.0	12611200.0	18472749.0	35618921.0	194440416.0
	2.0	3.0	4.0	5.0	6.0	7.0	8.0	9.0	10.0	11.0	12.0	13.0	14.0	15.0	16.0	17.0	18.0	19.0	20.0	21.0	22.0	23.0	24.0	25.0	26.0	27.0	28.0	29.0	30.0	31.0	32.0	33.0	34.0	35.0	36.0
B16-48_1_1	2933022.0	1079632.0	805835.0	596581.0	471868.0	410860.0	377418.0	374045.0	374712.0	368563.0	366056.0	372546.0	387509.0	420525.0	432519.0	480493.0	528519.0	599705.0	700429.0	842269.0	1083510.0	1469516.0	1948531.0	2240789.0	2643320.0	3168068.0	3523327.0	4104644.0	4847137.0	5839891.0	7281459.0	9606612.0	14120056.0	27310569.0	152162570.0
	2.0	3.0	4.0	5.0	6.0	7.0	8.0	9.0	10.0	11.0	12.0	13.0	14.0	15.0	16.0	17.0	18.0	19.0	20.0	21.0	22.0	23.0	24.0	25.0	26.0	27.0	28.0	29.0	30.0	31.0	32.0	33.0	34.0	35.0	36.0
BB0280_CH_AffF_2	418838.0	112394.0	85281.0	63446.0	50325.0	45737.0	43490.0	44721.0	46404.0	47009.0	48097.0	49808.0	52980.0	56220.0	60995.0	66671.0	73559.0	82845.0	95523.0	114327.0	143406.0	185311.0	238831.0	285324.0	337263.0	408880.0	474390.0	565547.0	686472.0	856034.0	1116919.0	1571666.0	2546007.0	5889548.0	53549156.0
	2.0	3.0	4.0	5.0	6.0	7.0	8.0	9.0	10.0	11.0	12.0	13.0	14.0	15.0	16.0	17.0	18.0	19.0	20.0	21.0	22.0	23.0	24.0	25.0	26.0	27.0	28.0	29.0	30.0	31.0	32.0	33.0	34.0	35.0	36.0	37.0
BEG_1025-1_T999	338420.0	109527.0	19765.0	61855.0	62465.0	47567.0	91174.0	25124.0	24003.0	41140.0	72559.0	90650.0	82343.0	100395.0	110709.0	154107.0	550267.0	343358.0	541338.0	113398.0	143724.0	233352.0	505070.0	440129.0	256822.0	324011.0	407596.0	557173.0	746066.0	1030970.0	1410907.0	2228949.0	4067469.0	12227769.0	83909037.0	27943538.0
	2.0	3.0	4.0	5.0	6.0	7.0	8.0	9.0	10.0	11.0	12.0	13.0	14.0	15.0	16.0	17.0	18.0	19.0	20.0	21.0	22.0	23.0	24.0	25.0	26.0	27.0	28.0	29.0	30.0	31.0	32.0	33.0	34.0	35.0	36.0	37.0
BEG_1078-1_T1071	449916.0	145374.0	27515.0	82073.0	82835.0	62637.0	121692.0	32852.0	33415.0	55136.0	98061.0	125839.0	109474.0	118520.0	127293.0	199335.0	749661.0	484405.0	741758.0	165949.0	198375.0	308674.0	663738.0	573907.0	326893.0	412461.0	521381.0	712419.0	954341.0	1319204.0	1800528.0	2842196.0	5211831.0	15784684.0	111564499.0	38136312.0
	11.0	12.0	13.0	14.0	15.0	16.0	17.0	18.0	19.0	20.0	21.0	22.0	23.0	24.0	25.0	26.0	27.0	28.0	29.0	30.0	31.0	32.0	33.0	34.0	35.0	36.0	37.0
BEG_1111-1_T1105	227.0	7622.0	27680.0	37935.0	32107.0	26932.0	24769.0	26488.0	37978.0	54593.0	83023.0	111144.0	138529.0	162121.0	183215.0	211079.0	272759.0	356221.0	491779.0	656981.0	937554.0	1346538.0	2193843.0	3998553.0	11351677.0	84298637.0	28456217.0
	2.0	3.0	4.0	5.0	6.0	7.0	8.0	9.0	10.0	11.0	12.0	13.0	14.0	15.0	16.0	17.0	18.0	19.0	20.0	21.0	22.0	23.0	24.0	25.0	26.0	27.0	28.0	29.0	30.0	31.0	32.0	33.0	34.0	35.0	36.0	37.0
BEG_1230-1_T1227	205496.0	66095.0	12511.0	37507.0	37375.0	28714.0	55035.0	14228.0	14745.0	25497.0	44351.0	55052.0	46497.0	49725.0	51052.0	78603.0	325594.0	210358.0	325652.0	73926.0	92672.0	147560.0	313966.0	263973.0	158867.0	200102.0	252474.0	345036.0	461892.0	640372.0	876946.0	1388895.0	2548132.0	7669187.0	50951423.0	16730420.0
	2.0	3.0	4.0	5.0	6.0	7.0	8.0	9.0	10.0	11.0	12.0	13.0	14.0	15.0	16.0	17.0	18.0	19.0	20.0	21.0	22.0	23.0	24.0	25.0	26.0	27.0	28.0	29.0	30.0	31.0	32.0	33.0	34.0	35.0	36.0	37.0
BEG_14-4_T65	303905.0	98387.0	17742.0	55101.0	56045.0	42094.0	80932.0	22508.0	21873.0	37133.0	64201.0	79859.0	66296.0	74898.0	86329.0	144084.0	510140.0	307551.0	500903.0	102802.0	128456.0	209287.0	440363.0	419860.0	241222.0	304668.0	387448.0	533350.0	716572.0	1000686.0	1373052.0	2172125.0	3843852.0	10737284.0	75026625.0	25565123.0
	11.0	12.0	13.0	14.0	15.0	16.0	17.0	18.0	19.0	20.0	21.0	22.0	23.0	24.0	25.0	26.0	27.0	28.0	29.0	30.0	31.0	32.0	33.0	34.0	35.0	36.0	37.0
BEG_1435-01_T1370	153.0	4620.0	23466.0	37790.0	36010.0	31752.0	33725.0	40106.0	48826.0	55287.0	59388.0	65108.0	77602.0	91765.0	120642.0	159091.0	225701.0	311093.0	441285.0	593492.0	846166.0	1205650.0	1987562.0	3714453.0	10502750.0	85167411.0	31006767.0
	2.0	3.0	4.0	5.0	6.0	7.0	8.0	9.0	10.0	11.0	12.0	13.0	14.0	15.0	16.0	17.0	18.0	19.0	20.0	21.0	22.0	23.0	24.0	25.0	26.0	27.0	28.0	29.0	30.0	31.0	32.0	33.0	34.0	35.0	36.0	37.0
BEG_1438-1_T1339	344138.0	112021.0	20478.0	62745.0	63021.0	47826.0	91918.0	24846.0	24687.0	41637.0	72370.0	89536.0	76414.0	84336.0	92703.0	147786.0	556818.0	351191.0	545974.0	117092.0	148163.0	238724.0	509340.0	451782.0	270745.0	342116.0	435829.0	597850.0	805939.0	1122725.0	1542269.0	2433594.0	4383281.0	12656985.0	84188917.0	28143254.0
	2.0	3.0	4.0	5.0	6.0	7.0	8.0	9.0	10.0	11.0	12.0	13.0	14.0	15.0	16.0	17.0	18.0	19.0	20.0	21.0	22.0	23.0	24.0	25.0	26.0	27.0	28.0	29.0	30.0	31.0	32.0	33.0	34.0	35.0	36.0	37.0
BEG_851-1_T840	383823.0	123872.0	23543.0	70605.0	71208.0	54263.0	104538.0	28247.0	28889.0	48827.0	85970.0	109621.0	96004.0	103917.0	109008.0	170977.0	648721.0	442823.0	646915.0	164826.0	195374.0	295112.0	619581.0	503109.0	318928.0	404056.0	506187.0	693533.0	923669.0	1274071.0	1736391.0	2758890.0	5045744.0	14926452.0	96449645.0	31162216.0
	2.0	3.0	4.0	5.0	6.0	7.0	8.0	9.0	10.0	11.0	12.0	13.0	14.0	15.0	16.0	17.0	18.0	19.0	20.0	21.0	22.0	23.0	24.0	25.0	26.0	27.0	28.0	29.0	30.0	31.0	32.0	33.0	34.0	35.0	36.0	37.0
BEG_887-1_T1240	365979.0	118094.0	21735.0	66299.0	68255.0	51205.0	101638.0	27392.0	26797.0	45341.0	80075.0	99991.0	85639.0	94988.0	104849.0	171275.0	637498.0	397818.0	634912.0	130481.0	158473.0	253719.0	546325.0	503211.0	279884.0	348309.0	435718.0	588584.0	782357.0	1069840.0	1440288.0	2259277.0	4089509.0	12396118.0	92834318.0	32832487.0
	2.0	3.0	4.0	5.0	6.0	7.0	8.0	9.0	10.0	11.0	12.0	13.0	14.0	15.0	16.0	17.0	18.0	19.0	20.0	21.0	22.0	23.0	24.0	25.0	26.0	27.0	28.0	29.0	30.0	31.0	32.0	33.0	34.0	35.0	36.0	37.0
BEG_916-1_T916	321261.0	103019.0	18207.0	56590.0	60213.0	44590.0	86305.0	22805.0	22262.0	37963.0	66671.0	85349.0	68492.0	73303.0	76156.0	121368.0	521692.0	303606.0	549218.0	100989.0	123377.0	201478.0	428415.0	446022.0	220469.0	275584.0	348841.0	476762.0	641472.0	894182.0	1206560.0	1872851.0	3330204.0	9828731.0	79888933.0	29590668.0
	2.0	3.0	4.0	5.0	6.0	7.0	8.0	9.0	10.0	11.0	12.0	13.0	14.0	15.0	16.0	17.0	18.0	19.0	20.0	21.0	22.0	23.0	24.0	25.0	26.0	27.0	28.0	29.0	30.0	31.0	32.0	33.0	34.0	35.0	36.0	37.0	38.0	39.0
BON_B09-27-1_1	1000167.0	339784.0	254171.0	198184.0	180565.0	180526.0	189294.0	202686.0	218421.0	237936.0	245262.0	249027.0	255171.0	261010.0	269367.0	275511.0	284767.0	304087.0	341667.0	388801.0	466071.0	576381.0	695746.0	816819.0	953119.0	1089577.0	1238996.0	1410138.0	1603137.0	1859245.0	2207409.0	2732015.0	3648663.0	5878600.0	16271481.0	370891.0	909044.0	15950812.0
	4.0	5.0	6.0	7.0	8.0	9.0	10.0	11.0	12.0	13.0	14.0	15.0	16.0	17.0	18.0	19.0	20.0	21.0	22.0	23.0	24.0	25.0	26.0	27.0	28.0	29.0	30.0	31.0	32.0	33.0	34.0	35.0	36.0	37.0
BON_B09-8_1	1.0	9.0	13.0	25.0	60.0	99.0	111.0	163.0	442.0	2390.0	6976.0	11014.0	13274.0	15454.0	18920.0	26914.0	39564.0	57947.0	81778.0	123776.0	179368.0	274925.0	408259.0	640922.0	965987.0	1492784.0	2202430.0	3450086.0	5376839.0	9610225.0	18067518.0	38119000.0	52567097.0	2127227.0
	2.0	3.0	4.0	5.0	6.0	7.0	8.0	9.0	10.0	11.0	12.0	13.0	14.0	15.0	16.0	17.0	18.0	19.0	20.0	21.0	22.0	23.0	24.0	25.0	26.0	27.0	28.0	29.0	30.0	31.0	32.0	33.0	34.0	35.0	36.0	37.0	38.0	39.0
BON_B12-33-2_1	1079686.0	365311.0	274441.0	210793.0	190341.0	190551.0	199491.0	211022.0	227462.0	247386.0	254146.0	257723.0	263794.0	270032.0	280204.0	287168.0	295965.0	317012.0	358562.0	405619.0	486421.0	597564.0	719501.0	842501.0	979752.0	1116997.0	1263118.0	1441075.0	1632157.0	1886485.0	2230132.0	2753437.0	3650405.0	5817909.0	14979594.0	431877.0	1065770.0	17045637.0
	2.0	3.0	4.0	5.0	6.0	7.0	8.0	9.0	10.0	11.0	12.0	13.0	14.0	15.0	16.0	17.0	18.0	19.0	20.0	21.0	22.0	23.0	24.0	25.0	26.0	27.0	28.0	29.0	30.0	31.0	32.0	33.0	34.0	35.0	36.0	37.0	38.0	39.0
BON_B12-74-1_1	1023157.0	347228.0	262124.0	202668.0	183878.0	183609.0	192749.0	205510.0	221886.0	241860.0	248327.0	252510.0	257332.0	263714.0	273428.0	281348.0	289993.0	310001.0	350255.0	397776.0	477709.0	589108.0	713671.0	833943.0	979862.0	1114774.0	1260413.0	1447680.0	1637733.0	1900270.0	2259403.0	2797552.0	3739726.0	6018785.0	16475100.0	378221.0	932535.0	16172682.0
	2.0	3.0	4.0	5.0	6.0	7.0	8.0	9.0	10.0	11.0	12.0	13.0	14.0	15.0	16.0	17.0	18.0	19.0	20.0	21.0	22.0	23.0	24.0	25.0	26.0	27.0	28.0	29.0	30.0	31.0	32.0	33.0	34.0	35.0	36.0	37.0	38.0	39.0
BON_B12-76-1_2	503209.0	145898.0	102618.0	82389.0	72077.0	68197.0	66987.0	67573.0	70307.0	74580.0	77991.0	83527.0	88735.0	95810.0	105009.0	116992.0	133580.0	182217.0	264126.0	321005.0	369386.0	430101.0	503847.0	569765.0	646003.0	738441.0	836833.0	978082.0	1146288.0	1394777.0	1765174.0	2390136.0	3659199.0	7699577.0	32116392.0	2314371.0	5402906.0	22065389.0
	2.0	3.0	4.0	5.0	6.0	7.0	8.0	9.0	10.0	11.0	12.0	13.0	14.0	15.0	16.0	17.0	18.0	19.0	20.0	21.0	22.0	23.0	24.0	25.0	26.0	27.0	28.0	29.0	30.0	31.0	32.0	33.0	34.0	35.0	36.0
BON_B13-55_1_2	3175822.0	1110860.0	819710.0	587766.0	452039.0	385051.0	348700.0	335146.0	330297.0	324656.0	325057.0	331544.0	345138.0	373900.0	385776.0	427418.0	467156.0	530495.0	617800.0	742838.0	958588.0	1301083.0	1678761.0	1980102.0	2324566.0	2734507.0	3093559.0	3588539.0	4215375.0	5055431.0	6276095.0	8231944.0	12033893.0	23103513.0	126437652.0
	2.0	3.0	4.0	5.0	6.0	7.0	8.0	9.0	10.0	11.0	12.0	13.0	14.0	15.0	16.0	17.0	18.0	19.0	20.0	21.0	22.0	23.0	24.0	25.0	26.0	27.0	28.0	29.0	30.0	31.0	32.0	33.0	34.0	35.0	36.0	37.0	38.0	39.0
BON_B14-163-1_2	465585.0	121098.0	85109.0	66838.0	57893.0	54403.0	52393.0	52453.0	54833.0	57120.0	60274.0	63793.0	68537.0	73377.0	81434.0	89738.0	103071.0	139636.0	200348.0	242567.0	281340.0	330847.0	389320.0	435965.0	496081.0	564611.0	634218.0	734462.0	853673.0	1027550.0	1283554.0	1706727.0	2561642.0	5338029.0	27435472.0	1737005.0	4042692.0	16239253.0
	2.0	3.0	4.0	5.0	6.0	7.0	8.0	9.0	10.0	11.0	12.0	13.0	14.0	15.0	16.0	17.0	18.0	19.0	20.0	21.0	22.0	23.0	24.0	25.0	26.0	27.0	28.0	29.0	30.0	31.0	32.0	33.0	34.0	35.0	36.0	37.0	38.0	39.0
BON_B14-20_1	961593.0	312910.0	233191.0	179170.0	161303.0	159551.0	165803.0	176449.0	188484.0	203423.0	208841.0	212686.0	217361.0	222821.0	228683.0	236772.0	242326.0	261312.0	295395.0	338129.0	402055.0	495940.0	597541.0	698952.0	812545.0	928171.0	1051270.0	1195571.0	1356939.0	1567841.0	1857472.0	2290277.0	3051708.0	4893662.0	13166691.0	322370.0	799659.0	12952466.0
	2.0	3.0	4.0	5.0	6.0	7.0	8.0	9.0	10.0	11.0	12.0	13.0	14.0	15.0	16.0	17.0	18.0	19.0	20.0	21.0	22.0	23.0	24.0	25.0	26.0	27.0	28.0	29.0	30.0	31.0	32.0	33.0	34.0	35.0	36.0	37.0	38.0	39.0
BON_B14-60-1_2	642022.0	287480.0	145960.0	117351.0	103980.0	99524.0	97961.0	99506.0	102647.0	106849.0	111458.0	118208.0	125495.0	134297.0	147384.0	162037.0	185014.0	257724.0	387846.0	481240.0	550455.0	619199.0	684216.0	751830.0	825469.0	891253.0	985424.0	1101064.0	1233235.0	1433595.0	1722919.0	2188006.0	3088807.0	5710924.0	20510909.0	3633301.0	8594852.0	41418727.0
	2.0	3.0	4.0	5.0	6.0	7.0	8.0	9.0	10.0	11.0	12.0	13.0	14.0	15.0	16.0	17.0	18.0	19.0	20.0	21.0	22.0	23.0	24.0	25.0	26.0	27.0	28.0	29.0	30.0	31.0	32.0	33.0	34.0	35.0	36.0	37.0	38.0	39.0
BON_B14-71-2_1	974239.0	332668.0	252535.0	194053.0	177272.0	178902.0	186737.0	199247.0	215066.0	234524.0	242227.0	246718.0	251267.0	257345.0	266642.0	274369.0	282473.0	302040.0	339443.0	385048.0	460182.0	565831.0	681693.0	800379.0	931427.0	1066624.0	1213048.0	1378596.0	1568411.0	1819558.0	2157355.0	2668912.0	3565501.0	5737137.0	15700649.0	371276.0	907018.0	15175890.0
	2.0	3.0	4.0	5.0	6.0	7.0	8.0	9.0	10.0	11.0	12.0	13.0	14.0	15.0	16.0	17.0	18.0	19.0	20.0	21.0	22.0	23.0	24.0	25.0	26.0	27.0	28.0	29.0	30.0	31.0	32.0	33.0	34.0	35.0	36.0	37.0	38.0	39.0
BON_B14-75-1_1	945964.0	322956.0	244559.0	188930.0	172222.0	173204.0	181796.0	194958.0	209977.0	228800.0	234681.0	239954.0	245106.0	251391.0	260260.0	266712.0	274686.0	294075.0	332533.0	374516.0	447337.0	544913.0	655944.0	767878.0	895328.0	1022297.0	1161355.0	1326432.0	1512164.0	1753940.0	2076368.0	2570037.0	3427497.0	5485527.0	14777638.0	392153.0	947994.0	15627176.0
	2.0	3.0	4.0	5.0	6.0	7.0	8.0	9.0	10.0	11.0	12.0	13.0	14.0	15.0	16.0	17.0	18.0	19.0	20.0	21.0	22.0	23.0	24.0	25.0	26.0	27.0	28.0	29.0	30.0	31.0	32.0	33.0	34.0	35.0	36.0	37.0	38.0	39.0
BON_B15-118_1	588777.0	159669.0	113215.0	87615.0	76039.0	71421.0	69098.0	69135.0	72253.0	75012.0	79307.0	83446.0	89493.0	97002.0	106137.0	116907.0	134461.0	183544.0	263437.0	319025.0	364876.0	428455.0	502827.0	566672.0	642504.0	734693.0	825083.0	958770.0	1119393.0	1349104.0	1696820.0	2271755.0	3435984.0	7202741.0	35671457.0	2269012.0	5325275.0	21752978.0
	2.0	3.0	4.0	5.0	6.0	7.0	8.0	9.0	10.0	11.0	12.0	13.0	14.0	15.0	16.0	17.0	18.0	19.0	20.0	21.0	22.0	23.0	24.0	25.0	26.0	27.0	28.0	29.0	30.0	31.0	32.0	33.0	34.0	35.0	36.0	37.0	38.0	39.0
BON_B15-76-2_2	528591.0	160717.0	108679.0	85094.0	73054.0	69035.0	66069.0	67195.0	70325.0	74262.0	77741.0	82527.0	88698.0	95674.0	105086.0	116911.0	133941.0	180430.0	262308.0	318254.0	366103.0	427011.0	506261.0	568821.0	649630.0	745793.0	844871.0	989528.0	1164330.0	1422489.0	1801885.0	2443608.0	3763801.0	7978312.0	34982164.0	2408759.0	5628188.0	24561352.0
	2.0	3.0	4.0	5.0	6.0	7.0	8.0	9.0	10.0	11.0	12.0	13.0	14.0	15.0	16.0	17.0	18.0	19.0	20.0	21.0	22.0	23.0	24.0	25.0	26.0	27.0	28.0	29.0	30.0	31.0	32.0	33.0	34.0	35.0	36.0	37.0	38.0	39.0
BON_B16-19_1	931324.0	318238.0	242050.0	189063.0	173013.0	173168.0	181039.0	194024.0	209116.0	227697.0	234647.0	238158.0	242789.0	250061.0	257647.0	265372.0	274645.0	294013.0	331070.0	378071.0	456381.0	562929.0	682510.0	802056.0	943259.0	1072445.0	1219603.0	1395849.0	1583364.0	1837010.0	2183331.0	2706285.0	3605565.0	5788536.0	15669026.0	388061.0	957706.0	16443558.0
	2.0	3.0	4.0	5.0	6.0	7.0	8.0	9.0	10.0	11.0	12.0	13.0	14.0	15.0	16.0	17.0	18.0	19.0	20.0	21.0	22.0	23.0	24.0	25.0	26.0	27.0	28.0	29.0	30.0	31.0	32.0	33.0	34.0	35.0	36.0	37.0	38.0	39.0
BON_B16-22_1	746043.0	250387.0	191215.0	149464.0	137215.0	137584.0	143100.0	153505.0	162707.0	177162.0	182345.0	187424.0	193197.0	199995.0	208066.0	214649.0	222514.0	240817.0	275898.0	314611.0	379062.0	467913.0	568599.0	671883.0	792943.0	914504.0	1050146.0	1205992.0	1380900.0	1613690.0	1928561.0	2400167.0	3215533.0	5168292.0	13729378.0	409238.0	997469.0	16445734.0
	2.0	3.0	4.0	5.0	6.0	7.0	8.0	9.0	10.0	11.0	12.0	13.0	14.0	15.0	16.0	17.0	18.0	19.0	20.0	21.0	22.0	23.0	24.0	25.0	26.0	27.0	28.0	29.0	30.0	31.0	32.0	33.0	34.0	35.0	36.0
BON_B16-53-1_1	2844896.0	1162275.0	894061.0	661122.0	512553.0	435515.0	386033.0	361246.0	353982.0	350651.0	355668.0	360746.0	368872.0	382501.0	401889.0	436664.0	482707.0	548372.0	641483.0	775982.0	1011598.0	1381441.0	1755277.0	2129915.0	2552704.0	3071359.0	3331545.0	3831149.0	4528252.0	5484765.0	6876680.0	9156918.0	13579126.0	26521036.0	125501145.0
	2.0	3.0	4.0	5.0	6.0	7.0	8.0	9.0	10.0	11.0	12.0	13.0	14.0	15.0	16.0	17.0	18.0	19.0	20.0	21.0	22.0	23.0	24.0	25.0	26.0	27.0	28.0	29.0	30.0	31.0	32.0	33.0	34.0	35.0	36.0	37.0	38.0	39.0
BON_B16-75-1_2	426806.0	132765.0	91455.0	72522.0	62775.0	57885.0	56020.0	55963.0	59289.0	62927.0	66077.0	70356.0	73984.0	80742.0	89660.0	99749.0	114682.0	150608.0	219227.0	267986.0	316288.0	376931.0	460309.0	516682.0	589534.0	681916.0	766440.0	902221.0	1057388.0	1286389.0	1630789.0	2210492.0	3389138.0	7265900.0	35949282.0	2312363.0	5497510.0	23819519.0
	2.0	3.0	4.0	5.0	6.0	7.0	8.0	9.0	10.0	11.0	12.0	13.0	14.0	15.0	16.0	17.0	18.0	19.0	20.0	21.0	22.0	23.0	24.0	25.0	26.0	27.0	28.0	29.0	30.0	31.0	32.0	33.0	34.0	35.0	36.0
BON_B16_30_1_1	2763895.0	1031102.0	787884.0	580344.0	442996.0	374019.0	337667.0	320247.0	320103.0	315998.0	323214.0	333135.0	344875.0	351916.0	363967.0	389766.0	430779.0	484797.0	563527.0	685606.0	904164.0	1249934.0	1585447.0	1910649.0	2265557.0	2713775.0	2901109.0	3361906.0	3966907.0	4779760.0	5960910.0	7862420.0	11484063.0	21743472.0	96923007.0
	2.0	3.0	4.0	5.0	6.0	7.0	8.0	9.0	10.0	11.0	12.0	13.0	14.0	15.0	16.0	17.0	18.0	19.0	20.0	21.0	22.0	23.0	24.0	25.0	26.0	27.0	28.0	29.0	30.0	31.0	32.0	33.0	34.0	35.0	36.0
BON_B16_80_1_1	1593412.0	593129.0	474143.0	356700.0	278427.0	239596.0	215265.0	203716.0	199558.0	199552.0	205651.0	212864.0	220426.0	230751.0	244493.0	266576.0	298080.0	337081.0	394460.0	479011.0	631392.0	870196.0	1111424.0	1345126.0	1585675.0	1866885.0	2102861.0	2438114.0	2875281.0	3459786.0	4301037.0	5643207.0	8182150.0	15335794.0	74153782.0
	5.0	6.0	7.0	8.0	9.0	10.0	11.0	12.0	13.0	14.0	15.0	16.0	17.0	18.0	19.0	20.0	21.0	22.0	23.0	24.0	25.0	26.0	27.0	28.0	29.0	30.0	31.0	32.0	33.0	34.0	35.0	36.0	37.0
BON_B17-23_1	1.0	25.0	82.0	178.0	279.0	318.0	340.0	3276.0	15583.0	23262.0	22275.0	21956.0	25137.0	27526.0	34748.0	46461.0	69888.0	103263.0	155940.0	222130.0	316119.0	433217.0	628026.0	878567.0	1265804.0	1738620.0	2531817.0	3647816.0	5916434.0	10485677.0	27096512.0	156484320.0	51998745.0
	7.0	8.0	9.0	10.0	11.0	12.0	13.0	14.0	15.0	16.0	17.0	18.0	19.0	20.0	21.0	22.0	23.0	24.0	25.0	26.0	27.0	28.0	29.0	30.0	31.0	32.0	33.0	34.0	35.0	36.0	37.0
BON_B18-24_1	6.0	23.0	28.0	25.0	122.0	2395.0	9515.0	12682.0	11715.0	11395.0	13272.0	17331.0	24277.0	29118.0	33624.0	39149.0	50175.0	64862.0	89935.0	118748.0	161399.0	213732.0	298005.0	400174.0	578153.0	827546.0	1340679.0	2450166.0	6783378.0	52953837.0	21498715.0
	7.0	8.0	9.0	10.0	11.0	12.0	13.0	14.0	15.0	16.0	17.0	18.0	19.0	20.0	21.0	22.0	23.0	24.0	25.0	26.0	27.0	28.0	29.0	30.0	31.0	32.0	33.0	34.0	35.0	36.0	37.0
BON_B18-25_1	6.0	22.0	26.0	22.0	140.0	3699.0	12238.0	16641.0	18508.0	23182.0	34109.0	38640.0	37062.0	31003.0	28980.0	32972.0	43692.0	57725.0	80272.0	108862.0	152650.0	209377.0	293472.0	398503.0	575297.0	828895.0	1353284.0	2463524.0	6764747.0	55799498.0	23316248.0
	7.0	8.0	9.0	10.0	11.0	12.0	13.0	14.0	15.0	16.0	17.0	18.0	19.0	20.0	21.0	22.0	23.0	24.0	25.0	26.0	27.0	28.0	29.0	30.0	31.0	32.0	33.0	34.0	35.0	36.0	37.0
BON_B18-54_1	4.0	27.0	28.0	24.0	131.0	3517.0	9166.0	11484.0	11430.0	11797.0	13418.0	16302.0	21059.0	25213.0	32542.0	40680.0	54299.0	69860.0	95324.0	124922.0	178189.0	239121.0	339262.0	457427.0	658177.0	936977.0	1509546.0	2669257.0	7188717.0	59065537.0	24970332.0
	4.0	5.0	6.0	7.0	8.0	9.0	10.0	11.0	12.0	13.0	14.0	15.0	16.0	17.0	18.0	19.0	20.0	21.0	22.0	23.0	24.0	25.0	26.0	27.0	28.0	29.0	30.0	31.0	32.0	33.0	34.0	35.0	36.0	37.0
BON_B19-57_1	1.0	8.0	12.0	38.0	67.0	107.0	156.0	171.0	279.0	1173.0	4440.0	10474.0	16584.0	20665.0	20650.0	23863.0	31656.0	50104.0	77683.0	124469.0	187163.0	288023.0	429831.0	672067.0	1016180.0	1562599.0	2312885.0	3624268.0	5639260.0	10043717.0	18752030.0	39007055.0	51385788.0	1907966.0
	2.0	3.0	4.0	5.0	6.0	7.0	8.0	9.0	10.0	11.0	12.0	13.0	14.0	15.0	16.0	17.0	18.0	19.0	20.0	21.0	22.0	23.0	24.0	25.0	26.0	27.0	28.0	29.0	30.0	31.0	32.0	33.0	34.0	35.0	36.0	37.0	38.0	39.0
BON_UC219-1_1	1061347.0	354155.0	262860.0	200542.0	181180.0	180486.0	187721.0	200530.0	215498.0	232737.0	238310.0	243877.0	247546.0	252627.0	261802.0	268885.0	276085.0	294122.0	333115.0	378516.0	448919.0	547287.0	655888.0	763982.0	885654.0	1007914.0	1139583.0	1295002.0	1468789.0	1696332.0	2008871.0	2479945.0	3293702.0	5266876.0	13894963.0	367537.0	893141.0	14444007.0
	2.0	3.0	4.0	5.0	6.0	7.0	8.0	9.0	10.0	11.0	12.0	13.0	14.0	15.0	16.0	17.0	18.0	19.0	20.0	21.0	22.0	23.0	24.0	25.0	26.0	27.0	28.0	29.0	30.0	31.0	32.0	33.0	34.0	35.0	36.0	37.0	38.0	39.0
BON_UC473_1	1109939.0	377377.0	278614.0	211963.0	191580.0	191342.0	199639.0	213814.0	228854.0	250294.0	255902.0	259973.0	264902.0	270170.0	279097.0	286469.0	293094.0	313192.0	354270.0	399858.0	474511.0	581356.0	696517.0	812565.0	946169.0	1077280.0	1215057.0	1391538.0	1573912.0	1821600.0	2161193.0	2670461.0	3560313.0	5704277.0	15253306.0	400167.0	976473.0	16120336.0
	2.0	3.0	4.0	5.0	6.0	7.0	8.0	9.0	10.0	11.0	12.0	13.0	14.0	15.0	16.0	17.0	18.0	19.0	20.0	21.0	22.0	23.0	24.0	25.0	26.0	27.0	28.0	29.0	30.0	31.0	32.0	33.0	34.0	35.0	36.0	37.0	38.0	39.0	40.0
CLA_143BN_BB_2	3131829.0	824239.0	791792.0	641504.0	532402.0	471273.0	445608.0	441207.0	447943.0	460031.0	477081.0	497115.0	517016.0	542671.0	578349.0	617263.0	664737.0	724657.0	803039.0	928863.0	1144921.0	1518322.0	1940253.0	2381498.0	2840378.0	3328449.0	3857623.0	4462761.0	5174946.0	6064746.0	7231990.0	8905509.0	11623034.0	17370971.0	41361520.0	7926510.0	11416084.0	13062471.0	1909878.0
	2.0	3.0	4.0	5.0	6.0	7.0	8.0	9.0	10.0	11.0	12.0	13.0	14.0	15.0	16.0	17.0	18.0	19.0	20.0	21.0	22.0	23.0	24.0	25.0	26.0	27.0	28.0	29.0	30.0	31.0	32.0	33.0	34.0	35.0	36.0	37.0	38.0	39.0	40.0
CLA_179CI_GG_2	1427492.0	257528.0	187647.0	135647.0	113267.0	106667.0	104760.0	105091.0	112023.0	120132.0	129413.0	137778.0	144654.0	150070.0	156272.0	162116.0	167588.0	177380.0	186381.0	204538.0	232075.0	268388.0	316904.0	378624.0	455733.0	545870.0	654831.0	781173.0	938916.0	1147016.0	1421636.0	1808298.0	2421914.0	3517584.0	5402150.0	8877967.0	12858800.0	14319843.0	1803286.0
	2.0	3.0	4.0	5.0	6.0	7.0	8.0	9.0	10.0	11.0	12.0	13.0	14.0	15.0	16.0	17.0	18.0	19.0	20.0	21.0	22.0	23.0	24.0	25.0	26.0	27.0	28.0	29.0	30.0	31.0	32.0	33.0	34.0	35.0	36.0	37.0	38.0	39.0	40.0
CLA_180CJ_DP_2	3901505.0	1016546.0	1043742.0	868842.0	731992.0	647085.0	619694.0	618426.0	609142.0	601158.0	612227.0	631001.0	658605.0	691726.0	739472.0	795317.0	866439.0	956126.0	1087904.0	1293581.0	1613445.0	2145673.0	2741421.0	3352996.0	3995174.0	4683888.0	5448340.0	6339650.0	7409386.0	8776520.0	10579583.0	13163375.0	17719292.0	28501867.0	84961469.0	8002.0	11875.0	13448.0	1790.0
	2.0	3.0	4.0	5.0	6.0	7.0	8.0	9.0	10.0	11.0	12.0	13.0	14.0	15.0	16.0	17.0	18.0	19.0	20.0	21.0	22.0	23.0	24.0	25.0	26.0	27.0	28.0	29.0	30.0	31.0	32.0	33.0	34.0	35.0	36.0
CLA_214DF_AB_2	587476.0	190011.0	131426.0	94788.0	77082.0	72003.0	64303.0	64618.0	66924.0	69635.0	72080.0	73865.0	76305.0	83351.0	89080.0	93404.0	102756.0	114631.0	130232.0	154991.0	194947.0	258333.0	332605.0	397965.0	473334.0	573852.0	668207.0	797246.0	966587.0	1208973.0	1579723.0	2192306.0	3435712.0	7449263.0	59069377.0
	2.0	3.0	4.0	5.0	6.0	7.0	8.0	9.0	10.0	11.0	12.0	13.0	14.0	15.0	16.0	17.0	18.0	19.0	20.0	21.0	22.0	23.0	24.0	25.0	26.0	27.0	28.0	29.0	30.0	31.0	32.0	33.0	34.0	35.0	36.0
CLA_329FK_RR_2	536082.0	170413.0	117532.0	85244.0	70850.0	63955.0	57718.0	57136.0	58317.0	59935.0	61686.0	63939.0	65996.0	72147.0	77146.0	81187.0	89892.0	100687.0	116201.0	137658.0	175002.0	230221.0	292837.0	356188.0	427443.0	510222.0	602899.0	720532.0	879393.0	1102033.0	1439159.0	1997565.0	3136301.0	6780221.0	50058510.0
	2.0	3.0	4.0	5.0	6.0	7.0	8.0	9.0	10.0	11.0	12.0	13.0	14.0	15.0	16.0	17.0	18.0	19.0	20.0	21.0	22.0	23.0	24.0	25.0	26.0	27.0	28.0	29.0	30.0	31.0	32.0	33.0	34.0	35.0	36.0
CLA_338FT_DM_2	479053.0	147314.0	100589.0	74439.0	61874.0	56523.0	51115.0	51131.0	52820.0	54498.0	56517.0	58247.0	60075.0	65799.0	70460.0	74333.0	82049.0	91887.0	105206.0	125076.0	159395.0	210945.0	275972.0	328343.0	390566.0	472333.0	548249.0	653327.0	797736.0	996055.0	1300831.0	1805254.0	2829192.0	6135649.0	47063348.0
	2.0	3.0	4.0	5.0	6.0	7.0	8.0	9.0	10.0	11.0	12.0	13.0	14.0	15.0	16.0	17.0	18.0	19.0	20.0	21.0	22.0	23.0	24.0	25.0	26.0	27.0	28.0	29.0	30.0	31.0	32.0	33.0	34.0	35.0	36.0
CLA_62R_CaM_3	625435.0	194637.0	130555.0	92007.0	74662.0	67587.0	60479.0	58718.0	60002.0	61731.0	63129.0	64590.0	67172.0	72859.0	78102.0	82085.0	91167.0	102680.0	120180.0	143224.0	183999.0	244108.0	316138.0	377701.0	451695.0	540653.0	627985.0	753189.0	914185.0	1142398.0	1495500.0	2071702.0	3250488.0	7066799.0	54043536.0
	2.0	3.0	4.0	5.0	6.0	7.0	8.0	9.0	10.0	11.0	12.0	13.0	14.0	15.0	16.0	17.0	18.0	19.0	20.0	21.0	22.0	23.0	24.0	25.0	26.0	27.0	28.0	29.0	30.0	31.0	32.0	33.0	34.0	35.0	36.0	37.0	38.0	39.0	40.0
CLA_79Z_CP_2	1437669.0	260056.0	179938.0	129641.0	106950.0	99981.0	99491.0	103685.0	110816.0	119115.0	127741.0	136673.0	144195.0	150698.0	154563.0	160419.0	167201.0	174889.0	185403.0	200635.0	225742.0	261705.0	309876.0	372330.0	446021.0	536006.0	642634.0	766346.0	926234.0	1134394.0	1412598.0	1801629.0	2434605.0	3506548.0	5515480.0	8917427.0	12543464.0	13006954.0	1604654.0
	2.0	3.0	4.0	5.0	6.0	7.0	8.0	9.0	10.0	11.0	12.0	13.0	14.0	15.0	16.0	17.0	18.0	19.0	20.0	21.0	22.0	23.0	24.0	25.0	26.0	27.0	28.0	29.0	30.0	31.0	32.0	33.0	34.0	35.0	36.0
HK018_0047_2	793309.0	301613.0	214451.0	158772.0	136067.0	128688.0	129587.0	134650.0	144799.0	158394.0	173255.0	185995.0	199679.0	214132.0	231695.0	257396.0	287168.0	326239.0	358045.0	414268.0	496238.0	608358.0	744117.0	895508.0	1074755.0	1288677.0	1556700.0	1897959.0	2346621.0	2975940.0	3921769.0	5445842.0	8290813.0	15629122.0	48535833.0
	3.0	4.0	5.0	6.0	7.0	8.0	9.0	10.0	11.0	12.0	13.0	14.0	15.0	16.0	17.0	18.0	19.0	20.0	21.0	22.0	23.0	24.0	25.0	26.0	27.0	28.0	29.0	30.0	31.0	32.0	33.0	34.0	35.0	36.0	37.0
HK060-0154	1.0	12.0	101.0	150.0	176.0	154.0	162.0	172.0	321.0	6554.0	55954.0	140507.0	191868.0	241964.0	355229.0	457274.0	478145.0	355737.0	228264.0	163677.0	155451.0	164730.0	194575.0	233783.0	310295.0	415395.0	578812.0	780210.0	1179155.0	1952301.0	2697341.0	3804415.0	10422115.0	77199503.0	19619317.0
	2.0	3.0	4.0	5.0	6.0	7.0	8.0	9.0	10.0	11.0	12.0	13.0	14.0	15.0	16.0	17.0	18.0	19.0	20.0	21.0	22.0	23.0	24.0	25.0	26.0	27.0	28.0	29.0	30.0	31.0	32.0	33.0	34.0	35.0	36.0
HK069-0177_2	475561.0	135194.0	103352.0	117403.0	61631.0	55295.0	51105.0	50127.0	51980.0	53168.0	53830.0	54507.0	56535.0	59013.0	65117.0	70666.0	78795.0	89510.0	102297.0	123094.0	160086.0	220952.0	419308.0	414733.0	396971.0	604578.0	544131.0	616310.0	783428.0	980203.0	1200203.0	1690440.0	2608907.0	5752098.0	74638639.0
	2.0	3.0	4.0	5.0	6.0	7.0	8.0	9.0	10.0	11.0	12.0	13.0	14.0	15.0	16.0	17.0	18.0	19.0	20.0	21.0	22.0	23.0	24.0	25.0	26.0	27.0	28.0	29.0	30.0	31.0	32.0	33.0	34.0	35.0	36.0
HK072-001_2	876889.0	226667.0	173840.0	189954.0	102551.0	91981.0	86448.0	88558.0	96052.0	95773.0	93480.0	93729.0	95705.0	100171.0	110135.0	118965.0	131401.0	147623.0	169262.0	202316.0	260748.0	352957.0	572397.0	577314.0	621489.0	852087.0	852599.0	979872.0	1240678.0	1549535.0	1870505.0	2617398.0	4000660.0	8559600.0	115005721.0
	2.0	3.0	4.0	5.0	6.0	7.0	8.0	9.0	10.0	11.0	12.0	13.0	14.0	15.0	16.0	17.0	18.0	19.0	20.0	21.0	22.0	23.0	24.0	25.0	26.0	27.0	28.0	29.0	30.0	31.0	32.0	33.0	34.0	35.0	36.0
ICCV_458_10CC06258_02	1792859.0	542013.0	416237.0	324035.0	239416.0	205101.0	186323.0	178001.0	177096.0	177178.0	179867.0	186451.0	195208.0	208504.0	225362.0	246802.0	273969.0	310532.0	351444.0	421281.0	537841.0	720056.0	950052.0	1090987.0	1291598.0	1540521.0	1726349.0	2021494.0	2397671.0	2895893.0	3606767.0	4793250.0	7183339.0	13976423.0	73519416.0
	11.0	12.0	13.0	14.0	15.0	16.0	17.0	18.0	19.0	20.0	21.0	22.0	23.0	24.0	25.0	26.0	27.0	28.0	29.0	30.0	31.0	32.0	33.0	34.0	35.0	36.0	37.0
INMR_GB_408	114.0	1868.0	7181.0	11267.0	11156.0	10615.0	14654.0	20696.0	25620.0	27551.0	30868.0	36631.0	49122.0	61919.0	84273.0	110255.0	152293.0	205891.0	288239.0	390703.0	554760.0	783420.0	1239218.0	2187655.0	5754613.0	55799260.0	30267478.0
	11.0	12.0	13.0	14.0	15.0	16.0	17.0	18.0	19.0	20.0	21.0	22.0	23.0	24.0	25.0	26.0	27.0	28.0	29.0	30.0	31.0	32.0	33.0	34.0	35.0	36.0	37.0
INMR_GI_456	172.0	3060.0	11432.0	17374.0	16550.0	14936.0	19114.0	28124.0	38793.0	43588.0	44905.0	45618.0	53208.0	63194.0	82964.0	108464.0	151541.0	205851.0	291802.0	398180.0	574304.0	824068.0	1320552.0	2347841.0	6037290.0	53863816.0	28393145.0
	11.0	12.0	13.0	14.0	15.0	16.0	17.0	18.0	19.0	20.0	21.0	22.0	23.0	24.0	25.0	26.0	27.0	28.0	29.0	30.0	31.0	32.0	33.0	34.0	35.0	36.0	37.0
INMR_HW_389	181.0	4141.0	18167.0	27762.0	28246.0	27106.0	30817.0	35429.0	46730.0	62259.0	91715.0	129743.0	184882.0	248659.0	342474.0	455679.0	637383.0	869246.0	1213897.0	1612778.0	2252141.0	3069965.0	4638278.0	7736624.0	19208913.0	132712612.0	53190802.0
	11.0	12.0	13.0	14.0	15.0	16.0	17.0	18.0	19.0	20.0	21.0	22.0	23.0	24.0	25.0	26.0	27.0	28.0	29.0	30.0	31.0	32.0	33.0	34.0	35.0	36.0	37.0
INMR_HZ_401	98.0	4062.0	20015.0	32939.0	32529.0	31408.0	36362.0	46160.0	66008.0	82455.0	102655.0	135532.0	196486.0	272031.0	378086.0	492486.0	671443.0	887600.0	1228283.0	1626980.0	2257515.0	3070879.0	4642501.0	7745964.0	19006428.0	140757264.0	59921188.0
	11.0	12.0	13.0	14.0	15.0	16.0	17.0	18.0	19.0	20.0	21.0	22.0	23.0	24.0	25.0	26.0	27.0	28.0	29.0	30.0	31.0	32.0	33.0	34.0	35.0	36.0	37.0
INMR_IG_561	150.0	3512.0	16321.0	26190.0	25523.0	23629.0	25406.0	33089.0	46508.0	60334.0	81414.0	114932.0	172133.0	241122.0	342733.0	464895.0	661712.0	909848.0	1281657.0	1711566.0	2388395.0	3213738.0	4816820.0	7953579.0	19448136.0	140493138.0	59857143.0
	11.0	12.0	13.0	14.0	15.0	16.0	17.0	18.0	19.0	20.0	21.0	22.0	23.0	24.0	25.0	26.0	27.0	28.0	29.0	30.0	31.0	32.0	33.0	34.0	35.0	36.0	37.0
INMR_IK_581	188.0	4230.0	16535.0	24260.0	22429.0	20791.0	22678.0	28351.0	40227.0	57082.0	84900.0	119145.0	168380.0	226774.0	312447.0	420300.0	596054.0	820117.0	1150764.0	1525586.0	2110575.0	2855843.0	4299228.0	7140765.0	17680042.0	130315593.0	54505544.0
	2.0	3.0	4.0	5.0	6.0	7.0	8.0	9.0	10.0	11.0	12.0	13.0	14.0	15.0	16.0	17.0	18.0	19.0	20.0	21.0	22.0	23.0	24.0	25.0	26.0	27.0	28.0	29.0	30.0	31.0	32.0	33.0	34.0	35.0	36.0
K1157-1-4	1103616.0	376777.0	288507.0	211177.0	165484.0	149457.0	141957.0	133790.0	137066.0	140161.0	144951.0	147767.0	153443.0	160408.0	172715.0	187988.0	207661.0	236152.0	275564.0	333516.0	431728.0	580512.0	755317.0	902648.0	1077722.0	1291979.0	1486427.0	1766221.0	2128238.0	2631623.0	3377083.0	4604328.0	7056545.0	14778921.0	102670546.0
	2.0	3.0	4.0	5.0	6.0	7.0	8.0	9.0	10.0	11.0	12.0	13.0	14.0	15.0	16.0	17.0	18.0	19.0	20.0	21.0	22.0	23.0	24.0	25.0	26.0	27.0	28.0	29.0	30.0	31.0	32.0	33.0	34.0	35.0	36.0	37.0	38.0	39.0
LIA_EDW01_1	51061.0	25404.0	11251.0	10720.0	10452.0	11887.0	12212.0	12876.0	13894.0	15335.0	16935.0	19303.0	21414.0	24844.0	28720.0	32036.0	38631.0	64834.0	115408.0	146185.0	162275.0	178170.0	198505.0	223596.0	255431.0	271377.0	302082.0	348967.0	382116.0	435857.0	510256.0	610709.0	757303.0	974354.0	1356951.0	2177588.0	5150744.0	44397785.0
	2.0	3.0	4.0	5.0	6.0	7.0	8.0	9.0	10.0	11.0	12.0	13.0	14.0	15.0	16.0	17.0	18.0	19.0	20.0	21.0	22.0	23.0	24.0	25.0	26.0	27.0	28.0	29.0	30.0	31.0	32.0	33.0	34.0	35.0	36.0	37.0	38.0	39.0
LIA_MAS02_2	476330.0	114155.0	63197.0	62648.0	50875.0	53223.0	54822.0	57432.0	62151.0	68300.0	75870.0	84631.0	95428.0	107645.0	123818.0	141660.0	170877.0	301649.0	540935.0	663355.0	710816.0	772255.0	845425.0	924806.0	1021294.0	1106880.0	1219394.0	1365602.0	1516925.0	1721301.0	1994721.0	2368557.0	2894619.0	3707202.0	5127196.0	8078762.0	18013529.0	128152765.0
	2.0	3.0	4.0	5.0	6.0	7.0	8.0	9.0	10.0	11.0	12.0	13.0	14.0	15.0	16.0	17.0	18.0	19.0	20.0	21.0	22.0	23.0	24.0	25.0	26.0	27.0	28.0	29.0	30.0	31.0	32.0	33.0	34.0	35.0	36.0	37.0	38.0	39.0
LIA_TIS03_2	45231.0	22059.0	10192.0	9507.0	9886.0	10562.0	10996.0	11982.0	13075.0	14241.0	15582.0	17430.0	19988.0	23592.0	26544.0	30531.0	36837.0	64719.0	116037.0	146112.0	163360.0	180486.0	198316.0	220150.0	246595.0	266211.0	293467.0	333954.0	369758.0	421992.0	489169.0	580930.0	717219.0	922031.0	1276558.0	2037814.0	4794316.0	40123031.0
	8.0	9.0	10.0	11.0	12.0	13.0	14.0	15.0	16.0	17.0	18.0	19.0	20.0	21.0	22.0	23.0	24.0	25.0	26.0	27.0	28.0	29.0	30.0	31.0	32.0	33.0	34.0	35.0	36.0	37.0
MAN_1001_01_M1_D1	1.0	14.0	34.0	147.0	2766.0	13896.0	21839.0	22071.0	21004.0	22813.0	25729.0	27863.0	31909.0	42961.0	60424.0	90582.0	125503.0	182376.0	253522.0	370404.0	518747.0	738998.0	988318.0	1376964.0	1875616.0	2849746.0	4994612.0	14479429.0	102109836.0	29016956.0
	11.0	12.0	13.0	14.0	15.0	16.0	17.0	18.0	19.0	20.0	21.0	22.0	23.0	24.0	25.0	26.0	27.0	28.0	29.0	30.0	31.0	32.0	33.0	34.0	35.0	36.0	37.0
MAN_1438-01-M1	175.0	4714.0	16898.0	21536.0	19604.0	19104.0	21013.0	26880.0	39644.0	54474.0	73523.0	91644.0	121283.0	155091.0	209126.0	270248.0	370810.0	492599.0	690916.0	997275.0	1444841.0	1979208.0	3258467.0	5824167.0	14664551.0	101720970.0	43023157.0
	2.0	3.0	4.0	5.0	6.0	7.0	8.0	9.0	10.0	11.0	12.0	13.0	14.0	15.0	16.0	17.0	18.0	19.0	20.0	21.0	22.0	23.0	24.0	25.0	26.0	27.0	28.0	29.0	30.0	31.0	32.0	33.0	34.0	35.0	36.0
MBEL028_001_3	407144.0	107046.0	80018.0	59963.0	46924.0	42589.0	41086.0	42076.0	43197.0	43193.0	44516.0	46074.0	48342.0	52006.0	56659.0	62165.0	69344.0	78595.0	90606.0	108640.0	137284.0	180200.0	247705.0	279671.0	327918.0	408877.0	455782.0	543522.0	661135.0	825341.0	1074378.0	1506374.0	2431788.0	5614300.0	55024785.0
	2.0	3.0	4.0	5.0	6.0	7.0	8.0	9.0	10.0	11.0	12.0	13.0	14.0	15.0	16.0	17.0	18.0	19.0	20.0	21.0	22.0	23.0	24.0	25.0	26.0	27.0	28.0	29.0	30.0	31.0	32.0	33.0	34.0	35.0	36.0
MBEL028_002_1	419186.0	108702.0	81692.0	62222.0	49540.0	44810.0	43885.0	45924.0	47550.0	46780.0	48177.0	49665.0	51814.0	55355.0	60555.0	66297.0	73673.0	83758.0	97821.0	116481.0	146965.0	192568.0	271245.0	302256.0	352507.0	445857.0	491023.0	584432.0	708521.0	885624.0	1155724.0	1622522.0	2631947.0	6153765.0	59478052.0
	2.0	3.0	4.0	5.0	6.0	7.0	8.0	9.0	10.0	11.0	12.0	13.0	14.0	15.0	16.0	17.0	18.0	19.0	20.0	21.0	22.0	23.0	24.0	25.0	26.0	27.0	28.0	29.0	30.0	31.0	32.0	33.0	34.0	35.0	36.0
MBRU030_2	419839.0	104231.0	79653.0	60331.0	47947.0	43899.0	42095.0	43917.0	45793.0	46281.0	47161.0	48260.0	51238.0	54628.0	59017.0	64996.0	72531.0	81470.0	94684.0	112788.0	141624.0	184207.0	239858.0	282147.0	334845.0	407225.0	468029.0	555351.0	674068.0	836203.0	1086938.0	1514524.0	2436168.0	5572398.0	53765380.0
	2.0	3.0	4.0	5.0	6.0	7.0	8.0	9.0	10.0	11.0	12.0	13.0	14.0	15.0	16.0	17.0	18.0	19.0	20.0	21.0	22.0	23.0	24.0	25.0	26.0	27.0	28.0	29.0	30.0	31.0	32.0	33.0	34.0	35.0	36.0
MCOP008_001_2	367495.0	105773.0	85031.0	99394.0	52034.0	46533.0	43558.0	43960.0	45104.0	45215.0	45810.0	46834.0	48723.0	51122.0	55370.0	60288.0	66847.0	74787.0	86949.0	103622.0	132861.0	180671.0	282255.0	307819.0	331348.0	447279.0	466915.0	546925.0	698883.0	873011.0	1075522.0	1518756.0	2364298.0	5240896.0	63775512.0
	2.0	3.0	4.0	5.0	6.0	7.0	8.0	9.0	10.0	11.0	12.0	13.0	14.0	15.0	16.0	17.0	18.0	19.0	20.0	21.0	22.0	23.0	24.0	25.0	26.0	27.0	28.0	29.0	30.0	31.0	32.0	33.0	34.0	35.0	36.0
MESP021_001_2	479844.0	123297.0	91875.0	69277.0	55452.0	49812.0	48361.0	50538.0	53146.0	52982.0	52699.0	54267.0	57234.0	60396.0	65595.0	71546.0	79770.0	90812.0	105527.0	125836.0	159278.0	207750.0	276622.0	320531.0	378133.0	461282.0	523471.0	620762.0	753372.0	939069.0	1215877.0	1698716.0	2735686.0	6308062.0	61753416.0
	2.0	3.0	4.0	5.0	6.0	7.0	8.0	9.0	10.0	11.0	12.0	13.0	14.0	15.0	16.0	17.0	18.0	19.0	20.0	21.0	22.0	23.0	24.0	25.0	26.0	27.0	28.0	29.0	30.0	31.0	32.0	33.0	34.0	35.0	36.0
MESP039_2	854254.0	300275.0	214669.0	160272.0	137580.0	129190.0	128991.0	133431.0	141506.0	154095.0	166473.0	180154.0	193361.0	207769.0	228601.0	254416.0	286491.0	325340.0	357355.0	419316.0	505285.0	627056.0	778569.0	929762.0	1108901.0	1338303.0	1611110.0	1967809.0	2442956.0	3114559.0	4142520.0	5852491.0	9139455.0	17826553.0	56715236.0
	2.0	3.0	4.0	5.0	6.0	7.0	8.0	9.0	10.0	11.0	12.0	13.0	14.0	15.0	16.0	17.0	18.0	19.0	20.0	21.0	22.0	23.0	24.0	25.0	26.0	27.0	28.0	29.0	30.0	31.0	32.0	33.0	34.0	35.0	36.0
MGLA003_001_2	362197.0	104119.0	82381.0	95613.0	50182.0	44708.0	41696.0	41218.0	42366.0	42999.0	43857.0	45424.0	46572.0	49641.0	53978.0	58605.0	65310.0	73731.0	84649.0	102084.0	132658.0	181849.0	306253.0	322781.0	331864.0	471280.0	452256.0	531564.0	679645.0	847665.0	1042631.0	1471329.0	2279212.0	5018011.0	62981625.0
	2.0	3.0	4.0	5.0	6.0	7.0	8.0	9.0	10.0	11.0	12.0	13.0	14.0	15.0	16.0	17.0	18.0	19.0	20.0	21.0	22.0	23.0	24.0	25.0	26.0	27.0	28.0	29.0	30.0	31.0	32.0	33.0	34.0	35.0	36.0
MMAD002_001_2	533063.0	206264.0	143503.0	104886.0	89378.0	84325.0	82456.0	86454.0	92500.0	100577.0	109728.0	117952.0	125778.0	134391.0	146689.0	162633.0	181232.0	205826.0	226875.0	263370.0	314878.0	386360.0	476381.0	566574.0	679848.0	821062.0	990756.0	1213076.0	1508014.0	1917359.0	2525593.0	3511651.0	5331757.0	9977242.0	29080505.0
	2.0	3.0	4.0	5.0	6.0	7.0	8.0	9.0	10.0	11.0	12.0	13.0	14.0	15.0	16.0	17.0	18.0	19.0	20.0	21.0	22.0	23.0	24.0	25.0	26.0	27.0	28.0	29.0	30.0	31.0	32.0	33.0	34.0	35.0	36.0
MTEH041_001_2	575441.0	153538.0	109655.0	116345.0	64628.0	58123.0	54670.0	54401.0	58770.0	58401.0	58777.0	59254.0	61048.0	63038.0	68154.0	74323.0	80455.0	91113.0	103468.0	123454.0	159793.0	217025.0	408314.0	394819.0	382868.0	579034.0	531309.0	590541.0	747074.0	929919.0	1133886.0	1588231.0	2438166.0	5299813.0	66421558.0
	2.0	3.0	4.0	5.0	6.0	7.0	8.0	9.0	10.0	11.0	12.0	13.0	14.0	15.0	16.0	17.0	18.0	19.0	20.0	21.0	22.0	23.0	24.0	25.0	26.0	27.0	28.0	29.0	30.0	31.0	32.0	33.0	34.0	35.0	36.0
M_0146-01-H1	1363311.0	409909.0	427823.0	355128.0	300590.0	271347.0	260180.0	257953.0	260482.0	265704.0	276846.0	294301.0	309439.0	325274.0	347802.0	382482.0	429152.0	492030.0	574081.0	683054.0	855993.0	1130342.0	1441292.0	1771502.0	2126039.0	2523049.0	2975428.0	3531342.0	4223774.0	5134037.0	6361666.0	8189755.0	11376270.0	19440789.0	66767559.0
	2.0	3.0	4.0	5.0	6.0	7.0	8.0	9.0	10.0	11.0	12.0	13.0	14.0	15.0	16.0	17.0	18.0	19.0	20.0	21.0	22.0	23.0	24.0	25.0	26.0	27.0	28.0	29.0	30.0	31.0	32.0	33.0	34.0	35.0	36.0	37.0	38.0	39.0	40.0
NH11-441	511508.0	77369.0	64215.0	51110.0	46075.0	49988.0	46666.0	48534.0	51502.0	53099.0	58277.0	67503.0	71672.0	75723.0	79039.0	83003.0	86653.0	93360.0	100336.0	108833.0	120575.0	136683.0	160543.0	192887.0	234118.0	287175.0	351511.0	433807.0	542937.0	687383.0	885642.0	1170734.0	1739495.0	2934216.0	5913232.0	12967149.0	24270105.0	36398065.0	10673315.0
	2.0	3.0	4.0	5.0	6.0	7.0	8.0	9.0	10.0	11.0	12.0	13.0	14.0	15.0	16.0	17.0	18.0	19.0	20.0	21.0	22.0	23.0	24.0	25.0	26.0	27.0	28.0	29.0	30.0	31.0	32.0	33.0	34.0	35.0	36.0	37.0	38.0	39.0	40.0
NH12-1413	505231.0	86048.0	72129.0	57080.0	51400.0	56086.0	51816.0	53930.0	56640.0	58965.0	65043.0	74390.0	78444.0	81852.0	86514.0	89589.0	94780.0	101024.0	108699.0	118224.0	130438.0	148234.0	176359.0	209200.0	256063.0	312184.0	385683.0	473321.0	591496.0	750121.0	964815.0	1278496.0	1911748.0	3272588.0	6600430.0	14092215.0	25830601.0	37040161.0	10475955.0
	7.0	8.0	9.0	10.0	11.0	12.0	13.0	14.0	15.0	16.0	17.0	18.0	19.0	20.0	21.0	22.0	23.0	24.0	25.0	26.0	27.0	28.0	29.0	30.0	31.0	32.0	33.0	34.0	35.0	36.0	37.0
OUN_HK018_0047	1.0	0.0	5.0	0.0	384.0	6236.0	19119.0	24603.0	22276.0	20149.0	21914.0	25300.0	33571.0	43596.0	60711.0	80809.0	111961.0	149240.0	208618.0	283606.0	408002.0	567132.0	813919.0	1126843.0	1651723.0	2428563.0	4067360.0	7647519.0	21402197.0	123513371.0	50200128.0
	9.0	10.0	11.0	12.0	13.0	14.0	15.0	16.0	17.0	18.0	19.0	20.0	21.0	22.0	23.0	24.0	25.0	26.0	27.0	28.0	29.0	30.0	31.0	32.0	33.0	34.0	35.0	36.0	37.0
OUN_HK047_0116	1.0	0.0	524.0	6421.0	19152.0	23224.0	19353.0	15954.0	15917.0	18617.0	24918.0	35476.0	51401.0	72455.0	104367.0	141160.0	201182.0	273258.0	390749.0	542576.0	786437.0	1097255.0	1614405.0	2403966.0	4121649.0	7897767.0	21587804.0	106663692.0	41089354.0
	9.0	10.0	11.0	12.0	13.0	14.0	15.0	16.0	17.0	18.0	19.0	20.0	21.0	22.0	23.0	24.0	25.0	26.0	27.0	28.0	29.0	30.0	31.0	32.0	33.0	34.0	35.0	36.0	37.0
OUN_HK079_001	1.0	3.0	141.0	2005.0	6120.0	7852.0	7071.0	6428.0	6944.0	8356.0	12543.0	18494.0	28526.0	42943.0	66932.0	97568.0	146561.0	206721.0	303634.0	427446.0	618255.0	862877.0	1274818.0	1878404.0	3154403.0	5947103.0	16787573.0	104285725.0	44636587.0
	8.0	9.0	10.0	11.0	12.0	13.0	14.0	15.0	16.0	17.0	18.0	19.0	20.0	21.0	22.0	23.0	24.0	25.0	26.0	27.0	28.0	29.0	30.0	31.0	32.0	33.0	34.0	35.0	36.0	37.0
OUN_HK080_001	1.0	0.0	3.0	594.0	7160.0	22188.0	28902.0	26177.0	22016.0	22542.0	25092.0	30699.0	37305.0	50336.0	68233.0	94843.0	124507.0	171401.0	228492.0	325707.0	447717.0	641335.0	889613.0	1316791.0	1932620.0	3220537.0	6061182.0	17304286.0	110937483.0	47394534.0
	8.0	9.0	10.0	11.0	12.0	13.0	14.0	15.0	16.0	17.0	18.0	19.0	20.0	21.0	22.0	23.0	24.0	25.0	26.0	27.0	28.0	29.0	30.0	31.0	32.0	33.0	34.0	35.0	36.0	37.0
OUN_HK081_001	1.0	0.0	2.0	580.0	7454.0	24533.0	32376.0	28741.0	25645.0	29158.0	32641.0	36585.0	43934.0	56765.0	74484.0	102219.0	135336.0	188109.0	256895.0	370577.0	515589.0	743096.0	1019407.0	1491053.0	2171587.0	3631351.0	6868219.0	19799583.0	128295376.0	57707106.0
	10.0	11.0	12.0	13.0	14.0	15.0	16.0	17.0	18.0	19.0	20.0	21.0	22.0	23.0	24.0	25.0	26.0	27.0	28.0	29.0	30.0	31.0	32.0	33.0	34.0	35.0	36.0	37.0
OUN_HK112_001	3.0	363.0	5016.0	16115.0	20556.0	18340.0	16496.0	19191.0	24217.0	31710.0	39497.0	52450.0	69524.0	97808.0	133357.0	188800.0	259739.0	376922.0	526232.0	762265.0	1069973.0	1596773.0	2323089.0	3880117.0	7339522.0	20949964.0	123089085.0	50662686.0
	9.0	10.0	11.0	12.0	13.0	14.0	15.0	16.0	17.0	18.0	19.0	20.0	21.0	22.0	23.0	24.0	25.0	26.0	27.0	28.0	29.0	30.0	31.0	32.0	33.0	34.0	35.0	36.0	37.0
OUN_HK116_001	1.0	0.0	2024.0	27203.0	81214.0	104553.0	89560.0	73666.0	73311.0	74625.0	80761.0	89479.0	110871.0	137037.0	170564.0	192094.0	234034.0	288113.0	390657.0	525374.0	738412.0	1005811.0	1460077.0	2125020.0	3557568.0	6705339.0	18993676.0	116923432.0	49300469.0
	11.0	12.0	13.0	14.0	15.0	16.0	17.0	18.0	19.0	20.0	21.0	22.0	23.0	24.0	25.0	26.0	27.0	28.0	29.0	30.0	31.0	32.0	33.0	34.0	35.0	36.0	37.0
OUN_HK124_001	57.0	1786.0	5958.0	8277.0	8490.0	8625.0	9655.0	11135.0	14016.0	17112.0	23805.0	32334.0	46755.0	63409.0	90603.0	122289.0	172943.0	234754.0	329904.0	451434.0	652093.0	938104.0	1520407.0	2761788.0	7724474.0	65578451.0	28591571.0
	10.0	11.0	12.0	13.0	14.0	15.0	16.0	17.0	18.0	19.0	20.0	21.0	22.0	23.0	24.0	25.0	26.0	27.0	28.0	29.0	30.0	31.0	32.0	33.0	34.0	35.0	36.0	37.0
OUN_HK137_001	4.0	676.0	9132.0	28228.0	36379.0	30520.0	25214.0	23887.0	25999.0	32846.0	41606.0	55243.0	71466.0	96470.0	124251.0	169789.0	228190.0	322688.0	444166.0	635237.0	894140.0	1303525.0	1887110.0	3165610.0	6076545.0	17607308.0	106035025.0	44259697.0
	11.0	12.0	13.0	14.0	15.0	16.0	17.0	18.0	19.0	20.0	21.0	22.0	23.0	24.0	25.0	26.0	27.0	28.0	29.0	30.0	31.0	32.0	33.0	34.0	35.0	36.0	37.0
RGP_248_3	70.0	1261.0	8500.0	19619.0	24679.0	26800.0	29114.0	32306.0	41714.0	52586.0	63878.0	77265.0	104770.0	138450.0	194457.0	259402.0	368349.0	507159.0	720455.0	965356.0	1342158.0	1825935.0	2775974.0	4646584.0	12897568.0	76477641.0	15616249.0
	11.0	12.0	13.0	14.0	15.0	16.0	17.0	18.0	19.0	20.0	21.0	22.0	23.0	24.0	25.0	26.0	27.0	28.0	29.0	30.0	31.0	32.0	33.0	34.0	35.0	36.0	37.0
RGP_273_3	102.0	2401.0	11639.0	19773.0	21638.0	26506.0	34763.0	32755.0	26513.0	24027.0	30078.0	42475.0	62441.0	87240.0	127639.0	178360.0	263764.0	376471.0	552640.0	774174.0	1134131.0	1639485.0	2708331.0	5067138.0	13175232.0	82715225.0	23467071.0
	2.0	3.0	4.0	5.0	6.0	7.0	8.0	9.0	10.0	11.0	12.0	13.0	14.0	15.0	16.0	17.0	18.0	19.0	20.0	21.0	22.0	23.0	24.0	25.0	26.0	27.0	28.0	29.0	30.0	31.0	32.0	33.0	34.0	35.0	36.0
RGP_54_3_2	1066090.0	413875.0	285179.0	203801.0	171257.0	159705.0	156299.0	160692.0	171676.0	184692.0	200155.0	215163.0	230989.0	248751.0	272791.0	302192.0	339770.0	387012.0	425777.0	498555.0	596339.0	734296.0	903238.0	1083256.0	1298900.0	1565752.0	1895885.0	2322259.0	2894086.0	3700899.0	4908279.0	6875782.0	10590029.0	20140107.0	60173361.0
	5.0	6.0	7.0	8.0	9.0	10.0	11.0	12.0	13.0	14.0	15.0	16.0	17.0	18.0	19.0	20.0	21.0	22.0	23.0	24.0	25.0	26.0	27.0	28.0	29.0	30.0	31.0	32.0	33.0	34.0	35.0	36.0	37.0
RGP_552_3	1.0	1.0	0.0	4.0	9.0	14.0	246.0	3160.0	16900.0	35201.0	45207.0	53856.0	71805.0	82005.0	81598.0	72328.0	68025.0	71265.0	87955.0	107867.0	147938.0	201819.0	295004.0	419039.0	604504.0	830918.0	1222695.0	1758453.0	2646733.0	4637452.0	13336987.0	75595025.0	17222692.0
	2.0	3.0	4.0	5.0	6.0	7.0	8.0	9.0	10.0	11.0	12.0	13.0	14.0	15.0	16.0	17.0	18.0	19.0	20.0	21.0	22.0	23.0	24.0	25.0	26.0	27.0	28.0	29.0	30.0	31.0	32.0	33.0	34.0	35.0	36.0
RGP_56_3_3	642912.0	244566.0	170423.0	125953.0	107408.0	102097.0	101648.0	104801.0	112377.0	123344.0	134021.0	144043.0	154609.0	166787.0	182536.0	201685.0	226573.0	258399.0	283513.0	331031.0	399335.0	493343.0	611085.0	731642.0	876801.0	1060431.0	1279397.0	1565576.0	1953517.0	2488330.0	3304302.0	4642697.0	7188958.0	13920481.0	44574534.0
	11.0	12.0	13.0	14.0	15.0	16.0	17.0	18.0	19.0	20.0	21.0	22.0	23.0	24.0	25.0	26.0	27.0	28.0	29.0	30.0	31.0	32.0	33.0	34.0	35.0	36.0	37.0
RGP_800_3_2	129.0	3208.0	11192.0	17425.0	20327.0	22949.0	25053.0	24541.0	25527.0	25413.0	29494.0	38510.0	60460.0	94541.0	149377.0	213159.0	310467.0	428497.0	603884.0	831873.0	1117360.0	1417950.0	2009058.0	2976205.0	5762437.0	25289744.0	7963968.0
	11.0	12.0	13.0	14.0	15.0	16.0	17.0	18.0	19.0	20.0	21.0	22.0	23.0	24.0	25.0	26.0	27.0	28.0	29.0	30.0	31.0	32.0	33.0	34.0	35.0	36.0	37.0
RGP_800_3_3	217.0	6203.0	29745.0	48658.0	48011.0	41373.0	38692.0	40395.0	52996.0	73905.0	109657.0	158058.0	230991.0	311157.0	440088.0	602709.0	874789.0	1214327.0	1711785.0	2267027.0	3108478.0	4176962.0	6338328.0	10812742.0	28019699.0	199145650.0	69998558.0
	2.0	3.0	4.0	5.0	6.0	7.0	8.0	9.0	10.0	11.0	12.0	13.0	14.0	15.0	16.0	17.0	18.0	19.0	20.0	21.0	22.0	23.0	24.0	25.0	26.0	27.0	28.0	29.0	30.0	31.0	32.0	33.0	34.0	35.0	36.0	37.0	38.0	39.0	40.0
T1244	1038760.0	212552.0	142642.0	105548.0	89814.0	87256.0	88257.0	92886.0	98923.0	107506.0	117016.0	126663.0	135063.0	141080.0	148752.0	153301.0	160310.0	168870.0	179658.0	195224.0	217871.0	249412.0	288115.0	338384.0	401601.0	477243.0	569306.0	677548.0	813607.0	996452.0	1239615.0	1585438.0	2171542.0	3198811.0	5379317.0	9653470.0	15729415.0	19651520.0	3552659.0
	2.0	3.0	4.0	5.0	6.0	7.0	8.0	9.0	10.0	11.0	12.0	13.0	14.0	15.0	16.0	17.0	18.0	19.0	20.0	21.0	22.0	23.0	24.0	25.0	26.0	27.0	28.0	29.0	30.0	31.0	32.0	33.0	34.0	35.0	36.0	37.0	38.0	39.0	40.0
T238	1388463.0	302739.0	197220.0	142331.0	118991.0	114298.0	115045.0	121415.0	128565.0	138497.0	149449.0	160569.0	169727.0	177858.0	187271.0	193111.0	200576.0	211079.0	225034.0	244629.0	272282.0	307112.0	358693.0	421493.0	499458.0	597158.0	715785.0	853718.0	1028699.0	1260187.0	1568186.0	2008736.0	2751626.0	4066208.0	6829832.0	12289181.0	20385728.0	23376933.0	3865048.0
	2.0	3.0	4.0	5.0	6.0	7.0	8.0	9.0	10.0	11.0	12.0	13.0	14.0	15.0	16.0	17.0	18.0	19.0	20.0	21.0	22.0	23.0	24.0	25.0	26.0	27.0	28.0	29.0	30.0	31.0	32.0	33.0	34.0	35.0	36.0	37.0	38.0	39.0	40.0
T850	1110544.0	217945.0	143780.0	105402.0	89225.0	86211.0	87439.0	92411.0	97131.0	104769.0	113557.0	123292.0	130785.0	137191.0	144455.0	148147.0	154944.0	161802.0	172716.0	189080.0	209706.0	237942.0	276197.0	324676.0	384455.0	456798.0	544203.0	645062.0	775271.0	946693.0	1178157.0	1500340.0	2050241.0	3024073.0	5064854.0	9134110.0	14998343.0	18459404.0	3403631.0
	2.0	3.0	4.0	5.0	6.0	7.0	8.0	9.0	10.0	11.0	12.0	13.0	14.0	15.0	16.0	17.0	18.0	19.0	20.0	21.0	22.0	23.0	24.0	25.0	26.0	27.0	28.0	29.0	30.0	31.0	32.0	33.0	34.0	35.0	36.0	37.0	38.0	39.0	40.0
T892	1239280.0	235459.0	154683.0	113716.0	95635.0	91090.0	92078.0	95510.0	101704.0	109339.0	118740.0	127886.0	134643.0	141188.0	148209.0	152039.0	159392.0	166152.0	177392.0	192219.0	213110.0	242625.0	281148.0	329742.0	387766.0	460863.0	547025.0	648015.0	773836.0	945206.0	1168425.0	1488269.0	2021519.0	2965413.0	4953427.0	8892961.0	14470079.0	18506084.0	3471277.0
	2.0	3.0	4.0	5.0	6.0	7.0	8.0	9.0	10.0	11.0	12.0	13.0	14.0	15.0	16.0	17.0	18.0	19.0	20.0	21.0	22.0	23.0	24.0	25.0	26.0	27.0	28.0	29.0	30.0	31.0	32.0	33.0	34.0	35.0	36.0	37.0	38.0	39.0	40.0
TOP_MAAC031_F_Muscle1	8301387.0	1248344.0	898205.0	684477.0	599548.0	546412.0	533864.0	546453.0	565596.0	603192.0	660744.0	722269.0	775534.0	831055.0	889690.0	939124.0	986766.0	1049709.0	1143547.0	1273790.0	1412867.0	1572804.0	1737254.0	1921830.0	2120234.0	2367474.0	2680581.0	3054451.0	3515280.0	4115011.0	4930479.0	6109322.0	8039429.0	11233186.0	17366587.0	28072939.0	39855900.0	43477034.0	5809026.0
	2.0	3.0	4.0	5.0	6.0	7.0	8.0	9.0	10.0	11.0	12.0	13.0	14.0	15.0	16.0	17.0	18.0	19.0	20.0	21.0	22.0	23.0	24.0	25.0	26.0	27.0	28.0	29.0	30.0	31.0	32.0	33.0	34.0	35.0	36.0	37.0	38.0	39.0	40.0
UC223-1RNA	1195843.0	127350.0	92635.0	69576.0	59948.0	57840.0	55907.0	57244.0	58770.0	62233.0	66170.0	71836.0	75209.0	78999.0	82592.0	84489.0	87627.0	92125.0	96584.0	103814.0	109772.0	121517.0	137706.0	158683.0	189612.0	225938.0	272380.0	314432.0	378350.0	472038.0	608189.0	807527.0	1201728.0	2002578.0	3943721.0	8660033.0	17358697.0	26248548.0	6774960.0
	2.0	3.0	4.0	5.0	6.0	7.0	8.0	9.0	10.0	11.0	12.0	13.0	14.0	15.0	16.0	17.0	18.0	19.0	20.0	21.0	22.0	23.0	24.0	25.0	26.0	27.0	28.0	29.0	30.0	31.0	32.0	33.0	34.0	35.0	36.0
UC305-1M	2768263.0	780511.0	797758.0	629505.0	503308.0	416937.0	367533.0	338407.0	319399.0	313219.0	312132.0	317802.0	324714.0	335476.0	352981.0	380102.0	417721.0	470828.0	542387.0	649522.0	831356.0	1145189.0	1462769.0	1768861.0	2062955.0	2370541.0	2703819.0	3095569.0	3565315.0	4180978.0	5040634.0	6376770.0	8823008.0	15352106.0	54102193.0
	2.0	3.0	4.0	5.0	6.0	7.0	8.0	9.0	10.0	11.0	12.0	13.0	14.0	15.0	16.0	17.0	18.0	19.0	20.0	21.0	22.0	23.0	24.0	25.0	26.0	27.0	28.0	29.0	30.0	31.0	32.0	33.0	34.0	35.0	36.0
UC316-1M	2390161.0	671225.0	696281.0	551732.0	438432.0	363464.0	323869.0	298801.0	284049.0	278405.0	278505.0	284202.0	292976.0	301357.0	315948.0	338034.0	372303.0	417315.0	478999.0	570078.0	728487.0	997365.0	1271487.0	1528595.0	1781334.0	2042810.0	2323303.0	2650818.0	3047042.0	3563356.0	4284993.0	5417319.0	7468598.0	12920752.0	44460238.0
	2.0	3.0	4.0	5.0	6.0	7.0	8.0	9.0	10.0	11.0	12.0	13.0	14.0	15.0	16.0	17.0	18.0	19.0	20.0	21.0	22.0	23.0	24.0	25.0	26.0	27.0	28.0	29.0	30.0	31.0	32.0	33.0	34.0	35.0	36.0
UC368-1M	3269782.0	963378.0	970297.0	750761.0	591030.0	485302.0	425748.0	387556.0	366370.0	356831.0	354836.0	360368.0	368633.0	380447.0	399457.0	429957.0	471743.0	528674.0	608832.0	725213.0	933010.0	1276962.0	1634577.0	1963858.0	2297655.0	2641944.0	3014841.0	3450635.0	3984177.0	4680466.0	5656513.0	7179655.0	9983272.0	17484631.0	64104325.0
	2.0	3.0	4.0	5.0	6.0	7.0	8.0	9.0	10.0	11.0	12.0	13.0	14.0	15.0	16.0	17.0	18.0	19.0	20.0	21.0	22.0	23.0	24.0	25.0	26.0	27.0	28.0	29.0	30.0	31.0	32.0	33.0	34.0	35.0	36.0
UC393-1M	2804747.0	811872.0	823462.0	643363.0	511167.0	420296.0	371240.0	341439.0	321767.0	312879.0	314138.0	319018.0	326653.0	336926.0	354731.0	381831.0	419692.0	472306.0	541793.0	648298.0	832992.0	1144498.0	1461117.0	1763781.0	2062296.0	2371660.0	2707404.0	3100230.0	3575787.0	4195548.0	5067183.0	6429588.0	8923703.0	15607742.0	57060808.0
	2.0	3.0	4.0	5.0	6.0	7.0	8.0	9.0	10.0	11.0	12.0	13.0	14.0	15.0	16.0	17.0	18.0	19.0	20.0	21.0	22.0	23.0	24.0	25.0	26.0	27.0	28.0	29.0	30.0	31.0	32.0	33.0	34.0	35.0	36.0	37.0	38.0	39.0	40.0
UC84-1RNA	599039.0	79111.0	61172.0	45185.0	38803.0	38670.0	37630.0	38779.0	40363.0	42861.0	45902.0	51323.0	53438.0	55677.0	58758.0	60147.0	62999.0	65992.0	70115.0	75742.0	81481.0	91979.0	105802.0	124804.0	151395.0	182953.0	221060.0	258142.0	314517.0	397246.0	510561.0	681070.0	1015713.0	1730996.0	3507946.0	7544781.0	13694588.0	19419699.0	4695367.0
	2.0	3.0	4.0	5.0	6.0	7.0	8.0	9.0	10.0	11.0	12.0	13.0	14.0	15.0	16.0	17.0	18.0	19.0	20.0	21.0	22.0	23.0	24.0	25.0	26.0	27.0	28.0	29.0	30.0	31.0	32.0	33.0	34.0	35.0	36.0	37.0	38.0	39.0
UWA_FAM7_PT_D16-1243_2	467808.0	106021.0	56680.0	56099.0	44335.0	46785.0	47157.0	50085.0	53909.0	58678.0	65872.0	73227.0	83595.0	93056.0	108153.0	125302.0	150480.0	255163.0	447156.0	565893.0	637257.0	710144.0	792538.0	885015.0	987452.0	1079891.0	1200215.0	1349681.0	1501157.0	1720198.0	1999812.0	2377782.0	2922528.0	3764860.0	5229246.0	8271459.0	18591289.0	129477331.0

