Sample	Uniquely mapped	Mapped to multiple loci	Mapped to too many loci	Unmapped: too many mismatches	Unmapped: too short	Unmapped: other
1179-1	76969620.0	6131195.0	12009.0	283561.0	3201880.0	35445.0
1211-1	149232351.0	24140380.0	82139.0	590369.0	8433848.0	506031.0
1258-1	172635677.0	18295653.0	56122.0	599172.0	7525596.0	143801.0
126BG_CB_M1	46728578.0	6919862.0	40362.0	443354.0	2210345.0	57829.0
146BO_JB_M1	45201499.0	4689201.0	20249.0	437844.0	1641916.0	12162.0
149BP_AB_M1	107326495.0	12750153.0	107236.0	234350.0	2390372.0	406207.0
153BR_JB_M1	54141206.0	5326818.0	22789.0	457474.0	2040479.0	79876.0
163BV_JE_M1	46883471.0	5017228.0	20712.0	446930.0	1807151.0	32386.0
164BW_KC_M1	54435494.0	5462368.0	14079.0	501984.0	1867676.0	22146.0
167BZ_SP_M1	56472442.0	5699510.0	5689.0	172194.0	1463650.0	25829.0
193CP_LS	115553553.0	7679668.0	13260.0	68719.0	2267734.0	549754.0
204H_AM_M1	51910804.0	6245442.0	11114.0	460408.0	1877048.0	42499.0
205E_BD_M1	51011384.0	6005053.0	27376.0	475943.0	2090009.0	82773.0
210DB_BW_M1	44514445.0	3933698.0	25373.0	437933.0	1941108.0	59180.0
227DJ_JP_M1	46783972.0	5377334.0	13688.0	430223.0	1740154.0	19264.0
247DT_SH_M1	54368294.0	5032623.0	12761.0	507324.0	2203236.0	14495.0
250DV_LR_M1	30941686.0	2512791.0	3642.0	38301.0	405988.0	22980.0
251DW_SD_M1	29143704.0	2223277.0	4096.0	40675.0	341668.0	24405.0
252DX_DC_M1	32597897.0	2590445.0	3374.0	56473.0	470612.0	37649.0
253DY_HA_M1	27971616.0	1867777.0	5079.0	41696.0	319670.0	34747.0
254DZ_WP_M1	62789929.0	4711344.0	6733.0	84453.0	914908.0	42226.0
255EA_GC_M1	28709084.0	2093782.0	3672.0	39500.0	388416.0	13167.0
26I_SK_M1	36228353.0	2733474.0	3720.0	52136.0	477916.0	26068.0
361AL_CC_M1	51208696.0	5862566.0	20319.0	494401.0	2073736.0	34333.0
373HQ_BTG_M1	85523268.0	5678824.0	14890.0	493569.0	2456879.0	32905.0
37L_NA_M1	27626381.0	6683515.0	68855.0	34768.0	327808.0	74502.0
41M_MW_M1	53242872.0	3489156.0	2502.0	77454.0	864905.0	25818.0
46N_RL_M1	70622488.0	5234448.0	7046.0	109332.0	1275536.0	36444.0
49O_NM_M1	285297873.0	25163661.0	71323.0	356465.0	3742880.0	475286.0
65T_CR_M1	60799065.0	5012571.0	7654.0	88014.0	867566.0	37720.0
81AB_MM_M1	55705616.0	6076856.0	22697.0	479959.0	1897338.0	22498.0
92AI_SM	44907021.0	3334717.0	7741.0	233712.0	791024.0	539335.0
9C_DH_M1	65625171.0	5392550.0	8374.0	88545.0	923403.0	37948.0
B09-24-1RNA_UNKNOWN	138419590.0	11259588.0	24304.0	1746853.0	7705563.0	58228.0
B09-25-1RNA	27047585.0	2212419.0	3474.0	27036.0	919210.0	27036.0
B09-40-1M	50098819.0	5363933.0	28325.0	154739.0	1259011.0	28134.0
B10-02-1RNA	79810970.0	6767030.0	17189.0	333044.0	3315301.0	45415.0
B11-11-1M	42867615.0	2582598.0	4738.0	146850.0	1146557.0	11296.0
B11-48-1M	52437580.0	4584227.0	3848.0	169492.0	1179381.0	7062.0
B12-21-1M	56824870.0	6358644.0	18442.0	169999.0	1254755.0	24286.0
B12-30RNA	136828178.0	7880647.0	17691.0	75881.0	7588115.0	56911.0
B13-07-1M	108123220.0	10328830.0	14621.0	251827.0	2486789.0	31478.0
B13-07-1RNA	25198639.0	1890875.0	2265.0	22732.0	681969.0	22732.0
B13-15RNA	37821183.0	2282616.0	7060.0	31747.0	1153477.0	42329.0
B13-52-1M	49063154.0	3687942.0	5161.0	159563.0	1077052.0	19945.0
B14-07RNA	34122273.0	2474155.0	4659.0	34584.0	639807.0	69168.0
B14-117-1RNA-2	30064307.0	2617167.0	3530.0	34723.0	532423.0	34723.0
B14-130-1M	54847930.0	5163127.0	16390.0	166429.0	1180136.0	15130.0
B14-48-1RNA	24197998.0	1946344.0	5468.0	30039.0	640827.0	40052.0
B14-70-1RNA	28359086.0	2027428.0	3490.0	22469.0	505544.0	33703.0
B14-78-1-U	66278716.0	5122832.0	6713.0	181755.0	1354075.0	18175.0
B15-15_1_1	140874261.0	7273573.0	9663.0	235425.0	2097425.0	107011.0
B15-28_1_1	144973665.0	8053193.0	8547.0	317041.0	2833557.0	138706.0
B16-48_1_1	110834725.0	6719825.0	10916.0	251871.0	1925013.0	107945.0
BB0280_CH_AffF_2	32202546.0	1277245.0	1312.0	27519.0	247670.0	27519.0
BEG_1025-1_T999	61372364.0	3418376.0	3765.0	21278.0	1319224.0	127667.0
BEG_1078-1_T1071	82317620.0	5136244.0	3731.0	55576.0	833644.0	277881.0
BEG_1111-1_T1105	59678879.0	3499045.0	6062.0	30212.0	936564.0	181270.0
BEG_1230-1_T1227	37032275.0	2329263.0	2112.0	12003.0	828184.0	48011.0
BEG_14-4_T65	54769204.0	3398028.0	3269.0	32232.0	1385959.0	257853.0
BEG_1435-01_T1370	60539696.0	3575722.0	3761.0	35288.0	952786.0	211730.0
BEG_1438-1_T1339	62656842.0	3308593.0	2787.0	32038.0	1313540.0	160188.0
BEG_851-1_T840	68661957.0	5204041.0	9604.0	13175.0	1277990.0	171277.0
BEG_887-1_T1240	64626281.0	5861817.0	6930.0	11131.0	1357960.0	66785.0
BEG_916-1_T916	58423225.0	3354905.0	4308.0	30590.0	978881.0	214130.0
BON_B09-27-1_1	27859314.0	1501619.0	1876.0	297640.0	835046.0	24803.0
BON_B09-8_1	56517319.0	3406847.0	3387.0	81289.0	796633.0	97547.0
BON_B12-33-2_1	28173088.0	1453032.0	2419.0	287145.0	830393.0	34923.0
BON_B12-74-1_1	28369706.0	1530806.0	1396.0	300263.0	830865.0	16453.0
BON_B12-76-1_2	37637394.0	1913717.0	2581.0	210276.0	1462590.0	23364.0
BON_B13-55_1_2	93822039.0	6118493.0	5953.0	240942.0	1502344.0	85038.0
BON_B14-163-1_2	30740584.0	1451557.0	2143.0	48072.0	288430.0	36054.0
BON_B14-20_1	22714618.0	1443424.0	1005.0	259886.0	721525.0	17098.0
BON_B14-60-1_2	44623939.0	2232894.0	3548.0	80176.0	489963.0	53450.0
BON_B14-71-2_1	27196978.0	1325841.0	2849.0	288886.0	797489.0	20344.0
BON_B14-75-1_1	26226573.0	1472328.0	3127.0	265019.0	761463.0	22396.0
BON_B15-118_1	40547339.0	1919999.0	2370.0	48125.0	256665.0	48125.0
BON_B15-76-2_2	42258333.0	1962679.0	3061.0	76201.0	457208.0	41564.0
BON_B16-19_1	25648886.0	1653428.0	1714.0	261535.0	1609967.0	23776.0
BON_B16-22_1	25240456.0	1229718.0	1913.0	235456.0	622563.0	39908.0
BON_B16-53-1_1	90116446.0	9589951.0	6252.0	240439.0	2965418.0	53431.0
BON_B16-75-1_2	41194961.0	1994150.0	2475.0	50923.0	322512.0	33949.0
BON_B16_30_1_1	77896207.0	4723618.0	3412.0	231521.0	2229915.0	73112.0
BON_B16_80_1_1	57065914.0	4116990.0	2207.0	185451.0	1149799.0	61817.0
BON_B17-23_1	115668489.0	6605263.0	8251.0	55618.0	2614025.0	194661.0
BON_B18-24_1	39029703.0	2051171.0	2651.0	33728.0	674555.0	151775.0
BON_B18-25_1	40733549.0	2145671.0	3345.0	21140.0	1141571.0	126841.0
BON_B18-54_1	43135986.0	2296048.0	3875.0	59410.0	1366427.0	178230.0
BON_B19-57_1	57430158.0	3299852.0	3468.0	57385.0	650362.0	133898.0
BON_UC219-1_1	25262170.0	1176032.0	2078.0	279964.0	832621.0	21815.0
BON_UC473_1	27381516.0	1356788.0	2504.0	303751.0	931237.0	23980.0
CLA_143BN_BB_2	68475335.0	7483140.0	49089.0	623667.0	2878465.0	57569.0
CLA_179CI_GG_2	26100017.0	2468360.0	71187.0	34773.0	482482.0	8693.0
CLA_180CJ_DP_2	86977677.0	10723719.0	55118.0	927768.0	6078067.0	23789.0
CLA_214DF_AB_2	36553600.0	1864325.0	5140.0	60088.0	390574.0	60088.0
CLA_329FK_RR_2	31774059.0	1546652.0	1990.0	62588.0	344236.0	52157.0
CLA_338FT_DM_2	29529695.0	1411636.0	2315.0	55646.0	422910.0	66775.0
CLA_62R_CaM_3	33810232.0	1879220.0	1779.0	47022.0	329154.0	39185.0
CLA_79Z_CP_2	25891859.0	2273458.0	3433.0	45611.0	532126.0	10136.0
HK018_0047_2	43929757.0	2695475.0	4402.0	106766.0	680635.0	66729.0
HK060-0154	53114902.0	2806232.0	2148.0	14919.0	1514277.0	37297.0
HK069-0177_2	41414338.0	2046624.0	850.0	24086.0	698505.0	32115.0
HK072-001_2	62921983.0	3708335.0	2180.0	34597.0	795725.0	25948.0
ICCV_458_10CC06258_02	54863117.0	3315763.0	2486.0	123468.0	873776.0	56985.0
INMR_GB_408	42451323.0	2601728.0	6988.0	43160.0	906370.0	194222.0
INMR_GI_456	40767447.0	2692350.0	3589.0	38137.0	1296669.0	266961.0
INMR_HW_389	99702683.0	6584100.0	8785.0	79318.0	1586367.0	317273.0
INMR_HZ_401	106779156.0	6583108.0	19282.0	42274.0	1690968.0	507290.0
INMR_IG_561	106980249.0	6783448.0	11886.0	99703.0	1545404.0	448666.0
INMR_IK_581	96458023.0	7009598.0	11702.0	99039.0	1733184.0	297117.0
K1157-1-4	64472527.0	5017303.0	6772.0	128717.0	606808.0	128717.0
LIA_EDW01_1	25195246.0	1743336.0	1599.0	15727.0	460017.0	27522.0
LIA_MAS02_2	77010493.0	6872031.0	10844.0	73310.0	938363.0	117295.0
LIA_TIS03_2	23373093.0	1517170.0	2149.0	20865.0	318186.0	36513.0
MAN_1001_01_M1_D1	71307125.0	3912517.0	5028.0	16238.0	958038.0	129903.0
MAN_1438-01-M1	77768160.0	4804319.0	4635.0	20709.0	1014734.0	103544.0
MBEL028_001_3	32411434.0	1345221.0	729.0	24872.0	267377.0	18654.0
MBEL028_002_1	34942697.0	1546766.0	1028.0	18398.0	337302.0	24531.0
MBRU030_2	31893247.0	1262341.0	1252.0	19758.0	263438.0	26344.0
MCOP008_001_2	35806710.0	1706256.0	807.0	23291.0	442527.0	38818.0
MESP021_001_2	36363614.0	1531679.0	988.0	24634.0	394144.0	30793.0
MESP039_2	51163131.0	2289030.0	1629.0	82754.0	579276.0	35466.0
MGLA003_001_2	34993461.0	1789479.0	922.0	23004.0	460084.0	30672.0
MMAD002_001_2	28145315.0	1232449.0	763.0	51006.0	368378.0	22669.0
MTEH041_001_2	37295171.0	1539841.0	2017.0	19681.0	718363.0	19681.0
M_0146-01-H1	61799773.0	6056721.0	8804.0	486579.0	1822458.0	17694.0
NH11-441	45875913.0	2842844.0	4421.0	29458.0	544970.0	44187.0
NH12-1413	47674564.0	3263379.0	6511.0	29197.0	510956.0	58395.0
OUN_HK018_0047	91501214.0	7232472.0	7935.0	39418.0	1773815.0	197091.0
OUN_HK047_0116	82861471.0	5112773.0	6410.0	30236.0	1572259.0	151179.0
OUN_HK079_001	79100137.0	5244649.0	2639.0	20791.0	1060331.0	103954.0
OUN_HK080_001	82693008.0	5825541.0	4791.0	44647.0	1785887.0	223236.0
OUN_HK081_001	97492957.0	6398708.0	5127.0	29369.0	1703430.0	146847.0
OUN_HK112_001	92543874.0	6195476.0	12771.0	38360.0	1611131.0	230162.0
OUN_HK116_001	89029963.0	5315458.0	4149.0	26770.0	2302256.0	133852.0
OUN_HK124_001	48051681.0	2765971.0	2091.0	30836.0	1079242.0	185013.0
OUN_HK137_001	81246720.0	4041480.0	4147.0	23199.0	1763131.0	185593.0
RGP_248_3	50640216.0	3542697.0	2696.0	9856.0	1320752.0	39425.0
RGP_273_3	58739098.0	3182634.0	2552.0	22621.0	1040584.0	135728.0
RGP_54_3_2	54838690.0	3366527.0	3906.0	122600.0	809162.0	73560.0
RGP_552_3	48936810.0	3988392.0	6220.0	268865.0	1564930.0	34470.0
RGP_56_3_3	38458251.0	2695097.0	4349.0	67684.0	490711.0	50763.0
RGP_800_3_2	21888649.0	967917.0	673.0	8077.0	479258.0	10770.0
RGP_800_3_3	137108848.0	8470981.0	8523.0	61578.0	1970512.0	431050.0
T1244	31522255.0	2087200.0	4720.0	42786.0	427859.0	34229.0
T238	39121330.0	2927906.0	3447.0	54905.0	512447.0	27453.0
T850	29858555.0	1978299.0	4144.0	43012.0	437289.0	28675.0
T892	29346412.0	2146654.0	7840.0	51962.0	460233.0	29692.0
TOP_MAAC031_F_Muscle1	89066326.0	8424330.0	80151.0	255802.0	4754904.0	45141.0
UC223-1RNA	31600430.0	2385699.0	3360.0	25344.0	878583.0	25344.0
UC305-1M	52923181.0	5287493.0	7240.0	172322.0	1273687.0	7492.0
UC316-1M	46884104.0	2698574.0	4230.0	150717.0	1023623.0	12560.0
UC368-1M	61459541.0	5984352.0	9127.0	207266.0	1558642.0	41453.0
UC393-1M	55076584.0	4736049.0	13826.0	170862.0	1270319.0	14858.0
UC84-1RNA	24669948.0	1806985.0	1200.0	20059.0	671967.0	20059.0
UWA_FAM7_PT_D16-1243_2	75981057.0	7224097.0	10745.0	62848.0	1269540.0	125697.0
