Sample	End 1 Sense	End 1 Antisense	End 2 Sense	End 2 Antisense
1179-1	35049099.0	34172601.0	33218365.0	33736396.0
1211-1	73275037.0	73021109.0	71907417.0	70582189.0
1258-1	79448279.0	78095016.0	76980519.0	77457773.0
126BG_CB_M1	22365768.0	23215764.0	23166711.0	22221982.0
146BO_JB_M1	20807829.0	21503057.0	21397659.0	20700783.0
149BP_AB_M1	51030009.0	51978054.0	52130618.0	50702259.0
153BR_JB_M1	24767368.0	25369251.0	25338072.0	24635291.0
163BV_JE_M1	22081754.0	22659329.0	22545753.0	21977721.0
164BW_KC_M1	25631426.0	26331177.0	26296591.0	25524516.0
167BZ_SP_M1	26866596.0	27577586.0	27490055.0	26572712.0
193CP_LS	1539716.0	103196559.0	103199774.0	1484564.0
204H_AM_M1	24719308.0	25300071.0	25345946.0	24592970.0
205E_BD_M1	23721200.0	24437338.0	24374748.0	23625014.0
210DB_BW_M1	19655480.0	19746296.0	19710952.0	19437297.0
227DJ_JP_M1	21917938.0	22610668.0	22517492.0	21834961.0
247DT_SH_M1	25250443.0	25873318.0	25840788.0	25229596.0
250DV_LR_M1	14220575.0	14079732.0	14150243.0	14021777.0
251DW_SD_M1	13286703.0	13124082.0	13188893.0	13126871.0
252DX_DC_M1	14768767.0	14785970.0	14842682.0	14573431.0
253DY_HA_M1	12505223.0	12459400.0	12491104.0	12373763.0
254DZ_WP_M1	29298553.0	29170100.0	29226546.0	29040191.0
255EA_GC_M1	13135432.0	13066434.0	13123870.0	12962650.0
26I_SK_M1	16843625.0	16743286.0	16781165.0	16698023.0
361AL_CC_M1	24298783.0	24946345.0	24884279.0	24137987.0
373HQ_BTG_M1	37927815.0	38275170.0	38491089.0	37625620.0
37L_NA_M1	801043.0	26158900.0	25877087.0	690902.0
41M_MW_M1	24695513.0	24479252.0	24497894.0	24346219.0
46N_RL_M1	31109485.0	31040880.0	31074615.0	30806882.0
49O_NM_M1	130167758.0	129402386.0	129672999.0	129240759.0
65T_CR_M1	28418669.0	28260026.0	28397969.0	28078357.0
81AB_MM_M1	26239487.0	26662046.0	26625840.0	26065051.0
92AI_SM	687369.0	41306777.0	41372082.0	660074.0
9C_DH_M1	30136693.0	30043584.0	30184441.0	29802468.0
B09-24-1RNA_UNKNOWN	63135715.0	63875283.0	63906016.0	62719306.0
B09-25-1RNA	12136052.0	12305937.0	12264688.0	12411625.0
B09-40-1M	21847889.0	22223100.0	22240952.0	21555617.0
B10-02-1RNA	36132885.0	37178170.0	36389365.0	36244390.0
B11-11-1M	19453477.0	19445564.0	19506089.0	19147743.0
B11-48-1M	24341229.0	24472096.0	24521440.0	24038600.0
B12-21-1M	26944614.0	27176142.0	27126751.0	26568619.0
B12-30RNA	59479944.0	64204761.0	63859023.0	59633376.0
B13-07-1M	50500774.0	50400560.0	50191755.0	49862826.0
B13-07-1RNA	11389492.0	11530776.0	11457183.0	11539988.0
B13-15RNA	16557879.0	16867352.0	16751352.0	17078256.0
B13-52-1M	22624123.0	22636437.0	22748337.0	22229801.0
B14-07RNA	15577196.0	15747628.0	15712016.0	15598027.0
B14-117-1RNA-2	13876454.0	14027016.0	14015120.0	13920499.0
B14-130-1M	25054559.0	25325428.0	25444498.0	24761641.0
B14-48-1RNA	10894588.0	11058619.0	11001369.0	10961602.0
B14-70-1RNA	12789966.0	12865245.0	12858653.0	12779468.0
B14-78-1-U	30001453.0	30074457.0	30214634.0	29561781.0
B15-15_1_1	2007207.0	125646486.0	125860495.0	1912976.0
B15-28_1_1	1931129.0	128435514.0	128685379.0	1854207.0
B16-48_1_1	1989526.0	98007237.0	98173262.0	1903997.0
BB0280_CH_AffF_2	385977.0	27790605.0	27966098.0	349750.0
BEG_1025-1_T999	658361.0	56189948.0	55262119.0	612073.0
BEG_1078-1_T1071	929863.0	74992889.0	73890419.0	866837.0
BEG_1111-1_T1105	631756.0	54094402.0	54145938.0	604602.0
BEG_1230-1_T1227	440328.0	33649893.0	33310798.0	420454.0
BEG_14-4_T65	650099.0	50130167.0	49561812.0	604288.0
BEG_1435-01_T1370	585565.0	55653738.0	55705130.0	561856.0
BEG_1438-1_T1339	732904.0	57457648.0	56599400.0	677778.0
BEG_851-1_T840	1097776.0	61190896.0	60585985.0	990377.0
BEG_887-1_T1240	867773.0	59109385.0	58267563.0	804214.0
BEG_916-1_T916	657354.0	53960875.0	53394379.0	607218.0
BON_B09-27-1_1	447121.0	24409653.0	24467224.0	427198.0
BON_B09-8_1	758362.0	50080776.0	49849821.0	727702.0
BON_B12-33-2_1	370467.0	25260809.0	25250172.0	371981.0
BON_B12-74-1_1	461815.0	24676201.0	24674788.0	440590.0
BON_B12-76-1_2	657647.0	33253799.0	33167681.0	627804.0
BON_B13-55_1_2	1539278.0	84340570.0	84354679.0	1502784.0
BON_B14-163-1_2	500535.0	26877678.0	26747988.0	496286.0
BON_B14-20_1	359524.0	20375874.0	20299803.0	344635.0
BON_B14-60-1_2	806875.0	38785690.0	39078150.0	755507.0
BON_B14-71-2_1	522943.0	23774561.0	23782056.0	500741.0
BON_B14-75-1_1	445510.0	22723411.0	22686702.0	439502.0
BON_B15-118_1	611873.0	35035963.0	34809633.0	602397.0
BON_B15-76-2_2	675237.0	36119566.0	36099680.0	658087.0
BON_B16-19_1	406635.0	22860061.0	22905669.0	383662.0
BON_B16-22_1	308243.0	21532605.0	21511046.0	296758.0
BON_B16-53-1_1	2503149.0	85981465.0	86794479.0	2368891.0
BON_B16-75-1_2	619392.0	36277010.0	36196014.0	602804.0
BON_B16_30_1_1	1237219.0	68168636.0	68492343.0	1182584.0
BON_B16_80_1_1	1407096.0	51178771.0	51529142.0	1330108.0
BON_B17-23_1	1944639.0	102595490.0	102899287.0	1789061.0
BON_B18-24_1	552651.0	34779729.0	34887695.0	520898.0
BON_B18-25_1	564952.0	37273037.0	37404699.0	549180.0
BON_B18-54_1	743858.0	39282712.0	39370458.0	700949.0
BON_B19-57_1	870090.0	51570646.0	51340052.0	820559.0
BON_UC219-1_1	388913.0	21931135.0	21911832.0	385937.0
BON_UC473_1	453678.0	24019360.0	23958036.0	453541.0
CLA_143BN_BB_2	31648754.0	31311790.0	31494617.0	31172062.0
CLA_179CI_GG_2	12086943.0	11930884.0	12013700.0	11820494.0
CLA_180CJ_DP_2	41081397.0	41416990.0	41904701.0	40339264.0
CLA_214DF_AB_2	667264.0	31431902.0	31646978.0	642282.0
CLA_329FK_RR_2	475904.0	27423138.0	27480282.0	448089.0
CLA_338FT_DM_2	483602.0	25673691.0	25752134.0	450076.0
CLA_62R_CaM_3	513594.0	30299292.0	30328566.0	475095.0
CLA_79Z_CP_2	11821845.0	11751328.0	11777963.0	11586943.0
HK018_0047_2	628634.0	39183046.0	39150418.0	590042.0
HK060-0154	641578.0	48020722.0	47788799.0	630368.0
HK069-0177_2	557895.0	37357087.0	37183712.0	541576.0
HK072-001_2	820853.0	56502060.0	56358722.0	782479.0
ICCV_458_10CC06258_02	599006.0	49076773.0	48720883.0	596778.0
INMR_GB_408	692626.0	37683597.0	37759285.0	660248.0
INMR_GI_456	484515.0	37342849.0	37304249.0	468323.0
INMR_HW_389	1650019.0	89512373.0	89526350.0	1588849.0
INMR_HZ_401	1379695.0	94871022.0	94926516.0	1327364.0
INMR_IG_561	1603966.0	94558911.0	94520487.0	1533454.0
INMR_IK_581	1685047.0	86189364.0	86400855.0	1608537.0
K1157-1-4	1078808.0	56895879.0	57118791.0	974291.0
LIA_EDW01_1	449203.0	22069702.0	22045171.0	425158.0
LIA_MAS02_2	1650759.0	67798663.0	67373445.0	1488624.0
LIA_TIS03_2	377723.0	20474208.0	20477567.0	365556.0
MAN_1001_01_M1_D1	867366.0	62903466.0	63149681.0	818144.0
MAN_1438-01-M1	740180.0	70535221.0	70633474.0	726493.0
MBEL028_001_3	348309.0	28720559.0	28659589.0	329590.0
MBEL028_002_1	423374.0	31265680.0	31262075.0	392923.0
MBRU030_2	325628.0	28270254.0	28284641.0	306485.0
MCOP008_001_2	418606.0	32327868.0	32198435.0	399637.0
MESP021_001_2	403123.0	32397957.0	32376175.0	369097.0
MESP039_2	509634.0	45894335.0	45695129.0	485038.0
MGLA003_001_2	381314.0	31236979.0	31064062.0	363099.0
MMAD002_001_2	280718.0	24725497.0	24689982.0	263790.0
MTEH041_001_2	475642.0	32738866.0	32688479.0	452606.0
M_0146-01-H1	29238431.0	29428813.0	29450845.0	29120511.0
NH11-441	21064480.0	21008916.0	21095845.0	20955504.0
NH12-1413	21897452.0	21815924.0	21880530.0	21797709.0
OUN_HK018_0047	1428638.0	83196512.0	83138636.0	1299129.0
OUN_HK047_0116	1077081.0	74863531.0	74958587.0	991922.0
OUN_HK079_001	952517.0	72642880.0	72832852.0	866721.0
OUN_HK080_001	1110303.0	76148195.0	76169659.0	1056946.0
OUN_HK081_001	1238662.0	88286958.0	88228211.0	1162362.0
OUN_HK112_001	1327350.0	81394979.0	81856436.0	1230189.0
OUN_HK116_001	1087356.0	80700196.0	80435943.0	1022239.0
OUN_HK124_001	537002.0	43228239.0	43208984.0	498996.0
OUN_HK137_001	1030977.0	71931236.0	72132630.0	955320.0
RGP_248_3	1167054.0	45575246.0	45846047.0	1103584.0
RGP_273_3	617797.0	52779406.0	52849888.0	575857.0
RGP_54_3_2	635398.0	48678961.0	48484468.0	587591.0
RGP_552_3	841076.0	45019094.0	45036003.0	798303.0
RGP_56_3_3	629738.0	34614354.0	34573151.0	564609.0
RGP_800_3_2	300957.0	19388594.0	19360009.0	285526.0
RGP_800_3_3	1823354.0	124191782.0	124511618.0	1624203.0
T1244	14142001.0	14135503.0	14211025.0	13979982.0
T238	17535196.0	17507413.0	17538460.0	17388771.0
T850	13266504.0	13108959.0	13156431.0	13108922.0
T892	13511522.0	13540124.0	13533113.0	13385964.0
TOP_MAAC031_F_Muscle1	42108434.0	42006667.0	41533672.0	40777762.0
UC223-1RNA	14205410.0	14321093.0	14304226.0	14454755.0
UC305-1M	24878894.0	24974922.0	25056420.0	24515844.0
UC316-1M	21119050.0	21089172.0	21164628.0	20814257.0
UC368-1M	28881238.0	28796799.0	28907130.0	28545522.0
UC393-1M	24858365.0	25156562.0	25177526.0	24586525.0
UC84-1RNA	11311942.0	11391484.0	11363091.0	11351312.0
UWA_FAM7_PT_D16-1243_2	1667085.0	66602237.0	66143919.0	1528440.0
