0.000000000000000000e+00
1.000000000000000000e+00
2.000000000000000000e+00
3.000000000000000000e+00
4.000000000000000000e+00
5.000000000000000000e+00
6.000000000000000000e+00
7.000000000000000000e+00
8.000000000000000000e+00
9.000000000000000000e+00
1.000000000000000000e+01
1.100000000000000000e+01
1.200000000000000000e+01
1.300000000000000000e+01
1.400000000000000000e+01
1.500000000000000000e+01
1.600000000000000000e+01
1.700000000000000000e+01
1.800000000000000000e+01
1.900000000000000000e+01
2.000000000000000000e+01
2.100000000000000000e+01
2.200000000000000000e+01
2.300000000000000000e+01
2.400000000000000000e+01
2.500000000000000000e+01
2.600000000000000000e+01
2.700000000000000000e+01
2.800000000000000000e+01
2.900000000000000000e+01
3.000000000000000000e+01
3.100000000000000000e+01
3.200000000000000000e+01
3.300000000000000000e+01
3.400000000000000000e+01
3.500000000000000000e+01
3.600000000000000000e+01
3.700000000000000000e+01
3.800000000000000000e+01
3.900000000000000000e+01
4.000000000000000000e+01
4.100000000000000000e+01
4.200000000000000000e+01
4.300000000000000000e+01
4.400000000000000000e+01
4.500000000000000000e+01
4.600000000000000000e+01
4.700000000000000000e+01
4.800000000000000000e+01
4.900000000000000000e+01
5.000000000000000000e+01
5.100000000000000000e+01
5.200000000000000000e+01
5.300000000000000000e+01
5.400000000000000000e+01
5.500000000000000000e+01
5.600000000000000000e+01
5.700000000000000000e+01
5.800000000000000000e+01
5.900000000000000000e+01
6.000000000000000000e+01
6.100000000000000000e+01
6.200000000000000000e+01
6.300000000000000000e+01
6.400000000000000000e+01
6.500000000000000000e+01
6.600000000000000000e+01
6.700000000000000000e+01
6.800000000000000000e+01
6.900000000000000000e+01
7.000000000000000000e+01
7.100000000000000000e+01
7.200000000000000000e+01
7.300000000000000000e+01
7.400000000000000000e+01
7.500000000000000000e+01
7.600000000000000000e+01
7.700000000000000000e+01
7.800000000000000000e+01
7.900000000000000000e+01
8.000000000000000000e+01
8.100000000000000000e+01
8.200000000000000000e+01
8.300000000000000000e+01
8.400000000000000000e+01
8.500000000000000000e+01
8.600000000000000000e+01
8.700000000000000000e+01
8.800000000000000000e+01
8.900000000000000000e+01
9.000000000000000000e+01
9.100000000000000000e+01
9.200000000000000000e+01
9.300000000000000000e+01
9.400000000000000000e+01
9.500000000000000000e+01
9.600000000000000000e+01
9.700000000000000000e+01
9.800000000000000000e+01
9.900000000000000000e+01
1.000000000000000000e+02
1.010000000000000000e+02
1.020000000000000000e+02
1.030000000000000000e+02
1.040000000000000000e+02
1.050000000000000000e+02
1.060000000000000000e+02
1.070000000000000000e+02
1.080000000000000000e+02
1.090000000000000000e+02
1.100000000000000000e+02
1.110000000000000000e+02
1.120000000000000000e+02
1.130000000000000000e+02
1.140000000000000000e+02
1.150000000000000000e+02
1.160000000000000000e+02
1.170000000000000000e+02
1.180000000000000000e+02
1.190000000000000000e+02
1.200000000000000000e+02
1.210000000000000000e+02
1.220000000000000000e+02
1.230000000000000000e+02
1.240000000000000000e+02
1.250000000000000000e+02
1.260000000000000000e+02
1.270000000000000000e+02
1.280000000000000000e+02
1.290000000000000000e+02
1.300000000000000000e+02
1.310000000000000000e+02
1.320000000000000000e+02
1.330000000000000000e+02
1.340000000000000000e+02
1.350000000000000000e+02
1.360000000000000000e+02
1.370000000000000000e+02
1.380000000000000000e+02
1.390000000000000000e+02
1.400000000000000000e+02
1.410000000000000000e+02
1.420000000000000000e+02
1.430000000000000000e+02
1.440000000000000000e+02
1.450000000000000000e+02
1.460000000000000000e+02
1.470000000000000000e+02
1.480000000000000000e+02
1.490000000000000000e+02
1.500000000000000000e+02
1.510000000000000000e+02
1.520000000000000000e+02
1.530000000000000000e+02
1.540000000000000000e+02
1.550000000000000000e+02
1.560000000000000000e+02
1.570000000000000000e+02
1.580000000000000000e+02
1.590000000000000000e+02
1.600000000000000000e+02
1.610000000000000000e+02
1.620000000000000000e+02
1.630000000000000000e+02
1.640000000000000000e+02
1.650000000000000000e+02
1.660000000000000000e+02
1.670000000000000000e+02
1.680000000000000000e+02
1.690000000000000000e+02
1.700000000000000000e+02
1.710000000000000000e+02
1.720000000000000000e+02
1.730000000000000000e+02
1.740000000000000000e+02
1.750000000000000000e+02
1.760000000000000000e+02
1.770000000000000000e+02
1.780000000000000000e+02
1.790000000000000000e+02
1.800000000000000000e+02
1.810000000000000000e+02
1.820000000000000000e+02
1.830000000000000000e+02
1.840000000000000000e+02
1.850000000000000000e+02
1.860000000000000000e+02
1.870000000000000000e+02
1.880000000000000000e+02
1.890000000000000000e+02
1.900000000000000000e+02
1.910000000000000000e+02
1.920000000000000000e+02
1.930000000000000000e+02
1.940000000000000000e+02
1.950000000000000000e+02
1.960000000000000000e+02
1.970000000000000000e+02
1.980000000000000000e+02
1.990000000000000000e+02
2.000000000000000000e+02
2.010000000000000000e+02
2.020000000000000000e+02
2.030000000000000000e+02
2.040000000000000000e+02
2.050000000000000000e+02
2.060000000000000000e+02
2.070000000000000000e+02
2.080000000000000000e+02
2.090000000000000000e+02
2.100000000000000000e+02
2.110000000000000000e+02
2.120000000000000000e+02
2.130000000000000000e+02
2.140000000000000000e+02
2.150000000000000000e+02
2.160000000000000000e+02
2.170000000000000000e+02
2.180000000000000000e+02
2.190000000000000000e+02
2.200000000000000000e+02
2.210000000000000000e+02
2.220000000000000000e+02
2.230000000000000000e+02
2.240000000000000000e+02
2.250000000000000000e+02
2.260000000000000000e+02
2.270000000000000000e+02
2.280000000000000000e+02
2.290000000000000000e+02
2.300000000000000000e+02
2.310000000000000000e+02
2.320000000000000000e+02
2.330000000000000000e+02
2.340000000000000000e+02
2.350000000000000000e+02
2.360000000000000000e+02
2.370000000000000000e+02
2.380000000000000000e+02
2.390000000000000000e+02
2.400000000000000000e+02
2.410000000000000000e+02
2.420000000000000000e+02
2.430000000000000000e+02
2.440000000000000000e+02
2.450000000000000000e+02
2.460000000000000000e+02
2.470000000000000000e+02
2.480000000000000000e+02
2.490000000000000000e+02
2.500000000000000000e+02
2.510000000000000000e+02
2.520000000000000000e+02
2.530000000000000000e+02
2.540000000000000000e+02
2.550000000000000000e+02
2.560000000000000000e+02
2.570000000000000000e+02
2.580000000000000000e+02
2.590000000000000000e+02
2.600000000000000000e+02
2.610000000000000000e+02
2.620000000000000000e+02
2.630000000000000000e+02
2.640000000000000000e+02
2.650000000000000000e+02
2.660000000000000000e+02
2.670000000000000000e+02
2.680000000000000000e+02
2.690000000000000000e+02
2.700000000000000000e+02
2.710000000000000000e+02
2.720000000000000000e+02
2.730000000000000000e+02
2.740000000000000000e+02
2.750000000000000000e+02
2.760000000000000000e+02
2.770000000000000000e+02
2.780000000000000000e+02
2.790000000000000000e+02
2.800000000000000000e+02
2.810000000000000000e+02
2.820000000000000000e+02
2.830000000000000000e+02
2.840000000000000000e+02
2.850000000000000000e+02
2.860000000000000000e+02
2.870000000000000000e+02
2.880000000000000000e+02
2.890000000000000000e+02
2.900000000000000000e+02
2.910000000000000000e+02
2.920000000000000000e+02
2.930000000000000000e+02
2.940000000000000000e+02
2.950000000000000000e+02
2.960000000000000000e+02
2.970000000000000000e+02
2.980000000000000000e+02
2.990000000000000000e+02
3.000000000000000000e+02
3.010000000000000000e+02
3.020000000000000000e+02
3.030000000000000000e+02
3.040000000000000000e+02
3.050000000000000000e+02
3.060000000000000000e+02
3.070000000000000000e+02
3.080000000000000000e+02
3.090000000000000000e+02
3.100000000000000000e+02
3.110000000000000000e+02
3.120000000000000000e+02
3.130000000000000000e+02
3.140000000000000000e+02
3.150000000000000000e+02
3.160000000000000000e+02
3.170000000000000000e+02
3.180000000000000000e+02
3.190000000000000000e+02
3.200000000000000000e+02
3.210000000000000000e+02
3.220000000000000000e+02
3.230000000000000000e+02
3.240000000000000000e+02
3.250000000000000000e+02
3.260000000000000000e+02
3.270000000000000000e+02
3.280000000000000000e+02
3.290000000000000000e+02
3.300000000000000000e+02
3.310000000000000000e+02
3.320000000000000000e+02
3.330000000000000000e+02
3.340000000000000000e+02
3.350000000000000000e+02
3.360000000000000000e+02
3.370000000000000000e+02
3.380000000000000000e+02
3.390000000000000000e+02
3.400000000000000000e+02
3.410000000000000000e+02
3.420000000000000000e+02
3.430000000000000000e+02
3.440000000000000000e+02
3.450000000000000000e+02
3.460000000000000000e+02
3.470000000000000000e+02
3.480000000000000000e+02
3.490000000000000000e+02
3.500000000000000000e+02
3.510000000000000000e+02
3.520000000000000000e+02
3.530000000000000000e+02
3.540000000000000000e+02
3.550000000000000000e+02
3.560000000000000000e+02
3.570000000000000000e+02
3.580000000000000000e+02
3.590000000000000000e+02
3.600000000000000000e+02
3.610000000000000000e+02
3.620000000000000000e+02
3.630000000000000000e+02
3.640000000000000000e+02
3.650000000000000000e+02
3.660000000000000000e+02
3.670000000000000000e+02
3.680000000000000000e+02
3.690000000000000000e+02
3.700000000000000000e+02
3.710000000000000000e+02
3.720000000000000000e+02
3.730000000000000000e+02
3.740000000000000000e+02
3.750000000000000000e+02
3.760000000000000000e+02
3.770000000000000000e+02
3.780000000000000000e+02
3.790000000000000000e+02
3.800000000000000000e+02
3.810000000000000000e+02
3.820000000000000000e+02
3.830000000000000000e+02
3.840000000000000000e+02
3.850000000000000000e+02
3.860000000000000000e+02
3.870000000000000000e+02
3.880000000000000000e+02
3.890000000000000000e+02
3.900000000000000000e+02
3.910000000000000000e+02
3.920000000000000000e+02
3.930000000000000000e+02
3.940000000000000000e+02
3.950000000000000000e+02
3.960000000000000000e+02
3.970000000000000000e+02
3.980000000000000000e+02
3.990000000000000000e+02
4.000000000000000000e+02
4.010000000000000000e+02
4.020000000000000000e+02
4.030000000000000000e+02
4.040000000000000000e+02
4.050000000000000000e+02
4.060000000000000000e+02
4.070000000000000000e+02
4.080000000000000000e+02
4.090000000000000000e+02
4.100000000000000000e+02
4.110000000000000000e+02
4.120000000000000000e+02
4.130000000000000000e+02
4.140000000000000000e+02
4.150000000000000000e+02
4.160000000000000000e+02
4.170000000000000000e+02
4.180000000000000000e+02
4.190000000000000000e+02
4.200000000000000000e+02
4.210000000000000000e+02
4.220000000000000000e+02
4.230000000000000000e+02
4.240000000000000000e+02
4.250000000000000000e+02
4.260000000000000000e+02
4.270000000000000000e+02
4.280000000000000000e+02
4.290000000000000000e+02
4.300000000000000000e+02
4.310000000000000000e+02
4.320000000000000000e+02
4.330000000000000000e+02
4.340000000000000000e+02
4.350000000000000000e+02
4.360000000000000000e+02
4.370000000000000000e+02
4.380000000000000000e+02
4.390000000000000000e+02
4.400000000000000000e+02
4.410000000000000000e+02
4.420000000000000000e+02
4.430000000000000000e+02
4.440000000000000000e+02
4.450000000000000000e+02
4.460000000000000000e+02
4.470000000000000000e+02
4.480000000000000000e+02
4.490000000000000000e+02
4.500000000000000000e+02
4.510000000000000000e+02
4.520000000000000000e+02
4.530000000000000000e+02
4.540000000000000000e+02
4.550000000000000000e+02
4.560000000000000000e+02
4.570000000000000000e+02
4.580000000000000000e+02
4.590000000000000000e+02
4.600000000000000000e+02
4.610000000000000000e+02
4.620000000000000000e+02
4.630000000000000000e+02
4.640000000000000000e+02
4.650000000000000000e+02
4.660000000000000000e+02
4.670000000000000000e+02
4.680000000000000000e+02
4.690000000000000000e+02
4.700000000000000000e+02
4.710000000000000000e+02
4.720000000000000000e+02
4.730000000000000000e+02
4.740000000000000000e+02
4.750000000000000000e+02
4.760000000000000000e+02
4.770000000000000000e+02
4.780000000000000000e+02
4.790000000000000000e+02
4.800000000000000000e+02
4.810000000000000000e+02
4.820000000000000000e+02
4.830000000000000000e+02
4.840000000000000000e+02
4.850000000000000000e+02
4.860000000000000000e+02
4.870000000000000000e+02
4.880000000000000000e+02
4.890000000000000000e+02
4.900000000000000000e+02
4.910000000000000000e+02
4.920000000000000000e+02
4.930000000000000000e+02
4.940000000000000000e+02
4.950000000000000000e+02
4.960000000000000000e+02
4.970000000000000000e+02
4.980000000000000000e+02
4.990000000000000000e+02
5.000000000000000000e+02
5.010000000000000000e+02
5.020000000000000000e+02
5.030000000000000000e+02
5.040000000000000000e+02
5.050000000000000000e+02
5.060000000000000000e+02
5.070000000000000000e+02
5.080000000000000000e+02
5.090000000000000000e+02
5.100000000000000000e+02
5.110000000000000000e+02
5.120000000000000000e+02
5.130000000000000000e+02
5.140000000000000000e+02
5.150000000000000000e+02
5.160000000000000000e+02
5.170000000000000000e+02
5.180000000000000000e+02
5.190000000000000000e+02
5.200000000000000000e+02
5.210000000000000000e+02
5.220000000000000000e+02
5.230000000000000000e+02
5.240000000000000000e+02
5.250000000000000000e+02
5.260000000000000000e+02
5.270000000000000000e+02
5.280000000000000000e+02
5.290000000000000000e+02
5.300000000000000000e+02
5.310000000000000000e+02
5.320000000000000000e+02
5.330000000000000000e+02
5.340000000000000000e+02
5.350000000000000000e+02
5.360000000000000000e+02
5.370000000000000000e+02
5.380000000000000000e+02
5.390000000000000000e+02
5.400000000000000000e+02
5.410000000000000000e+02
5.420000000000000000e+02
5.430000000000000000e+02
5.440000000000000000e+02
5.450000000000000000e+02
5.460000000000000000e+02
5.470000000000000000e+02
5.480000000000000000e+02
5.490000000000000000e+02
5.500000000000000000e+02
5.510000000000000000e+02
5.520000000000000000e+02
5.530000000000000000e+02
5.540000000000000000e+02
5.550000000000000000e+02
5.560000000000000000e+02
5.570000000000000000e+02
5.580000000000000000e+02
5.590000000000000000e+02
5.600000000000000000e+02
5.610000000000000000e+02
5.620000000000000000e+02
5.630000000000000000e+02
5.640000000000000000e+02
5.650000000000000000e+02
5.660000000000000000e+02
5.670000000000000000e+02
5.680000000000000000e+02
5.690000000000000000e+02
5.700000000000000000e+02
5.710000000000000000e+02
5.720000000000000000e+02
5.730000000000000000e+02
5.740000000000000000e+02
5.750000000000000000e+02
5.760000000000000000e+02
5.770000000000000000e+02
5.780000000000000000e+02
5.790000000000000000e+02
5.800000000000000000e+02
5.810000000000000000e+02
5.820000000000000000e+02
5.830000000000000000e+02
5.840000000000000000e+02
5.850000000000000000e+02
5.860000000000000000e+02
5.870000000000000000e+02
5.880000000000000000e+02
5.890000000000000000e+02
5.900000000000000000e+02
5.910000000000000000e+02
5.920000000000000000e+02
5.930000000000000000e+02
5.940000000000000000e+02
5.950000000000000000e+02
5.960000000000000000e+02
5.970000000000000000e+02
5.980000000000000000e+02
5.990000000000000000e+02
6.000000000000000000e+02
6.010000000000000000e+02
6.020000000000000000e+02
6.030000000000000000e+02
6.040000000000000000e+02
6.050000000000000000e+02
6.060000000000000000e+02
6.070000000000000000e+02
6.080000000000000000e+02
6.090000000000000000e+02
6.100000000000000000e+02
6.110000000000000000e+02
6.120000000000000000e+02
6.130000000000000000e+02
6.140000000000000000e+02
6.150000000000000000e+02
6.160000000000000000e+02
6.170000000000000000e+02
6.180000000000000000e+02
6.190000000000000000e+02
6.200000000000000000e+02
6.210000000000000000e+02
6.220000000000000000e+02
6.230000000000000000e+02
6.240000000000000000e+02
6.250000000000000000e+02
6.260000000000000000e+02
6.270000000000000000e+02
6.280000000000000000e+02
6.290000000000000000e+02
6.300000000000000000e+02
6.310000000000000000e+02
6.320000000000000000e+02
6.330000000000000000e+02
6.340000000000000000e+02
6.350000000000000000e+02
6.360000000000000000e+02
6.370000000000000000e+02
6.380000000000000000e+02
6.390000000000000000e+02
6.400000000000000000e+02
6.410000000000000000e+02
6.420000000000000000e+02
6.430000000000000000e+02
6.440000000000000000e+02
6.450000000000000000e+02
6.460000000000000000e+02
6.470000000000000000e+02
6.480000000000000000e+02
6.490000000000000000e+02
6.500000000000000000e+02
6.510000000000000000e+02
6.520000000000000000e+02
6.530000000000000000e+02
6.540000000000000000e+02
6.550000000000000000e+02
6.560000000000000000e+02
6.570000000000000000e+02
6.580000000000000000e+02
6.590000000000000000e+02
6.600000000000000000e+02
6.610000000000000000e+02
6.620000000000000000e+02
6.630000000000000000e+02
6.640000000000000000e+02
6.650000000000000000e+02
6.660000000000000000e+02
6.670000000000000000e+02
6.680000000000000000e+02
6.690000000000000000e+02
6.700000000000000000e+02
6.710000000000000000e+02
6.720000000000000000e+02
6.730000000000000000e+02
6.740000000000000000e+02
6.750000000000000000e+02
6.760000000000000000e+02
6.770000000000000000e+02
6.780000000000000000e+02
6.790000000000000000e+02
6.800000000000000000e+02
6.810000000000000000e+02
6.820000000000000000e+02
6.830000000000000000e+02
6.840000000000000000e+02
6.850000000000000000e+02
6.860000000000000000e+02
6.870000000000000000e+02
6.880000000000000000e+02
6.890000000000000000e+02
6.900000000000000000e+02
6.910000000000000000e+02
6.920000000000000000e+02
6.930000000000000000e+02
6.940000000000000000e+02
6.950000000000000000e+02
6.960000000000000000e+02
6.970000000000000000e+02
6.980000000000000000e+02
6.990000000000000000e+02
7.000000000000000000e+02
7.010000000000000000e+02
7.020000000000000000e+02
7.030000000000000000e+02
7.040000000000000000e+02
7.050000000000000000e+02
7.060000000000000000e+02
7.070000000000000000e+02
7.080000000000000000e+02
7.090000000000000000e+02
7.100000000000000000e+02
7.110000000000000000e+02
7.120000000000000000e+02
7.130000000000000000e+02
7.140000000000000000e+02
7.150000000000000000e+02
7.160000000000000000e+02
7.170000000000000000e+02
7.180000000000000000e+02
7.190000000000000000e+02
7.200000000000000000e+02
7.210000000000000000e+02
7.220000000000000000e+02
7.230000000000000000e+02
7.240000000000000000e+02
7.250000000000000000e+02
7.260000000000000000e+02
7.270000000000000000e+02
7.280000000000000000e+02
7.290000000000000000e+02
7.300000000000000000e+02
7.310000000000000000e+02
7.320000000000000000e+02
7.330000000000000000e+02
7.340000000000000000e+02
7.350000000000000000e+02
7.360000000000000000e+02
7.370000000000000000e+02
7.380000000000000000e+02
7.390000000000000000e+02
7.400000000000000000e+02
7.410000000000000000e+02
7.420000000000000000e+02
7.430000000000000000e+02
7.440000000000000000e+02
7.450000000000000000e+02
7.460000000000000000e+02
7.470000000000000000e+02
7.480000000000000000e+02
7.490000000000000000e+02
7.500000000000000000e+02
7.510000000000000000e+02
7.520000000000000000e+02
7.530000000000000000e+02
7.540000000000000000e+02
7.550000000000000000e+02
7.560000000000000000e+02
7.570000000000000000e+02
7.580000000000000000e+02
7.590000000000000000e+02
7.600000000000000000e+02
7.610000000000000000e+02
7.620000000000000000e+02
7.630000000000000000e+02
7.640000000000000000e+02
7.650000000000000000e+02
7.660000000000000000e+02
7.670000000000000000e+02
7.680000000000000000e+02
7.690000000000000000e+02
7.700000000000000000e+02
7.710000000000000000e+02
7.720000000000000000e+02
7.730000000000000000e+02
7.740000000000000000e+02
7.750000000000000000e+02
7.760000000000000000e+02
7.770000000000000000e+02
7.780000000000000000e+02
7.790000000000000000e+02
7.800000000000000000e+02
7.810000000000000000e+02
7.820000000000000000e+02
7.830000000000000000e+02
7.840000000000000000e+02
7.850000000000000000e+02
7.860000000000000000e+02
7.870000000000000000e+02
7.880000000000000000e+02
7.890000000000000000e+02
7.900000000000000000e+02
7.910000000000000000e+02
7.920000000000000000e+02
7.930000000000000000e+02
7.940000000000000000e+02
7.950000000000000000e+02
7.960000000000000000e+02
4.002000000000000000e+03
4.003000000000000000e+03
4.004000000000000000e+03
4.005000000000000000e+03
4.006000000000000000e+03
4.007000000000000000e+03
4.008000000000000000e+03
4.009000000000000000e+03
4.010000000000000000e+03
4.011000000000000000e+03
4.012000000000000000e+03
4.013000000000000000e+03
4.014000000000000000e+03
4.015000000000000000e+03
4.016000000000000000e+03
4.017000000000000000e+03
4.018000000000000000e+03
4.019000000000000000e+03
4.020000000000000000e+03
4.021000000000000000e+03
4.022000000000000000e+03
4.023000000000000000e+03
4.024000000000000000e+03
4.025000000000000000e+03
4.026000000000000000e+03
4.027000000000000000e+03
4.028000000000000000e+03
4.029000000000000000e+03
4.030000000000000000e+03
4.031000000000000000e+03
4.032000000000000000e+03
4.033000000000000000e+03
4.034000000000000000e+03
4.035000000000000000e+03
4.036000000000000000e+03
4.037000000000000000e+03
4.038000000000000000e+03
4.039000000000000000e+03
4.040000000000000000e+03
4.041000000000000000e+03
4.042000000000000000e+03
4.043000000000000000e+03
4.044000000000000000e+03
4.045000000000000000e+03
4.046000000000000000e+03
4.047000000000000000e+03
4.048000000000000000e+03
4.049000000000000000e+03
4.050000000000000000e+03
4.051000000000000000e+03
4.052000000000000000e+03
4.053000000000000000e+03
4.054000000000000000e+03
4.055000000000000000e+03
4.056000000000000000e+03
4.057000000000000000e+03
4.058000000000000000e+03
4.059000000000000000e+03
4.060000000000000000e+03
4.061000000000000000e+03
4.062000000000000000e+03
4.063000000000000000e+03
4.064000000000000000e+03
4.065000000000000000e+03
4.066000000000000000e+03
4.067000000000000000e+03
4.068000000000000000e+03
4.069000000000000000e+03
4.070000000000000000e+03
4.071000000000000000e+03
4.072000000000000000e+03
4.073000000000000000e+03
4.074000000000000000e+03
4.075000000000000000e+03
4.076000000000000000e+03
4.077000000000000000e+03
4.078000000000000000e+03
4.079000000000000000e+03
4.080000000000000000e+03
4.081000000000000000e+03
4.082000000000000000e+03
4.083000000000000000e+03
4.084000000000000000e+03
4.085000000000000000e+03
4.086000000000000000e+03
4.087000000000000000e+03
4.088000000000000000e+03
4.089000000000000000e+03
4.090000000000000000e+03
4.091000000000000000e+03
4.092000000000000000e+03
4.093000000000000000e+03
4.094000000000000000e+03
4.095000000000000000e+03
4.096000000000000000e+03
4.097000000000000000e+03
4.098000000000000000e+03
4.099000000000000000e+03
4.100000000000000000e+03
4.101000000000000000e+03
4.102000000000000000e+03
4.103000000000000000e+03
4.104000000000000000e+03
4.105000000000000000e+03
4.106000000000000000e+03
4.107000000000000000e+03
4.108000000000000000e+03
4.109000000000000000e+03
4.110000000000000000e+03
4.111000000000000000e+03
4.112000000000000000e+03
4.113000000000000000e+03
4.114000000000000000e+03
4.115000000000000000e+03
4.116000000000000000e+03
4.117000000000000000e+03
4.118000000000000000e+03
4.119000000000000000e+03
4.120000000000000000e+03
4.121000000000000000e+03
4.122000000000000000e+03
4.123000000000000000e+03
4.124000000000000000e+03
4.125000000000000000e+03
4.126000000000000000e+03
4.127000000000000000e+03
4.128000000000000000e+03
4.129000000000000000e+03
4.130000000000000000e+03
4.131000000000000000e+03
4.132000000000000000e+03
4.133000000000000000e+03
4.134000000000000000e+03
4.135000000000000000e+03
4.136000000000000000e+03
4.137000000000000000e+03
4.138000000000000000e+03
4.139000000000000000e+03
4.140000000000000000e+03
4.141000000000000000e+03
4.142000000000000000e+03
4.143000000000000000e+03
4.144000000000000000e+03
4.145000000000000000e+03
4.146000000000000000e+03
4.147000000000000000e+03
4.148000000000000000e+03
4.149000000000000000e+03
4.150000000000000000e+03
4.151000000000000000e+03
4.152000000000000000e+03
4.153000000000000000e+03
4.154000000000000000e+03
4.155000000000000000e+03
4.156000000000000000e+03
4.157000000000000000e+03
4.158000000000000000e+03
4.159000000000000000e+03
4.160000000000000000e+03
4.161000000000000000e+03
4.162000000000000000e+03
4.163000000000000000e+03
4.164000000000000000e+03
4.165000000000000000e+03
4.166000000000000000e+03
4.167000000000000000e+03
4.168000000000000000e+03
4.169000000000000000e+03
4.170000000000000000e+03
4.171000000000000000e+03
4.172000000000000000e+03
4.173000000000000000e+03
4.174000000000000000e+03
4.175000000000000000e+03
4.176000000000000000e+03
4.177000000000000000e+03
4.178000000000000000e+03
4.179000000000000000e+03
4.180000000000000000e+03
4.181000000000000000e+03
4.182000000000000000e+03
4.183000000000000000e+03
4.184000000000000000e+03
4.185000000000000000e+03
4.186000000000000000e+03
4.187000000000000000e+03
4.188000000000000000e+03
4.189000000000000000e+03
4.190000000000000000e+03
4.191000000000000000e+03
4.192000000000000000e+03
4.193000000000000000e+03
4.194000000000000000e+03
4.195000000000000000e+03
4.196000000000000000e+03
4.197000000000000000e+03
4.198000000000000000e+03
4.199000000000000000e+03
4.200000000000000000e+03
4.201000000000000000e+03
4.202000000000000000e+03
4.203000000000000000e+03
4.204000000000000000e+03
4.205000000000000000e+03
4.206000000000000000e+03
4.207000000000000000e+03
4.208000000000000000e+03
4.209000000000000000e+03
4.210000000000000000e+03
4.211000000000000000e+03
4.212000000000000000e+03
4.213000000000000000e+03
4.214000000000000000e+03
4.215000000000000000e+03
4.216000000000000000e+03
4.217000000000000000e+03
4.218000000000000000e+03
4.219000000000000000e+03
4.220000000000000000e+03
4.221000000000000000e+03
4.222000000000000000e+03
4.223000000000000000e+03
4.224000000000000000e+03
4.225000000000000000e+03
4.226000000000000000e+03
4.227000000000000000e+03
4.228000000000000000e+03
4.229000000000000000e+03
4.230000000000000000e+03
4.231000000000000000e+03
4.232000000000000000e+03
4.233000000000000000e+03
4.234000000000000000e+03
4.235000000000000000e+03
4.236000000000000000e+03
4.237000000000000000e+03
4.238000000000000000e+03
4.239000000000000000e+03
4.240000000000000000e+03
4.241000000000000000e+03
4.242000000000000000e+03
4.243000000000000000e+03
4.244000000000000000e+03
4.245000000000000000e+03
4.246000000000000000e+03
4.247000000000000000e+03
4.248000000000000000e+03
4.249000000000000000e+03
4.250000000000000000e+03
4.251000000000000000e+03
4.252000000000000000e+03
4.253000000000000000e+03
4.254000000000000000e+03
4.255000000000000000e+03
4.256000000000000000e+03
4.257000000000000000e+03
4.258000000000000000e+03
4.259000000000000000e+03
4.260000000000000000e+03
4.261000000000000000e+03
4.262000000000000000e+03
4.263000000000000000e+03
4.264000000000000000e+03
4.265000000000000000e+03
4.266000000000000000e+03
4.267000000000000000e+03
4.268000000000000000e+03
4.269000000000000000e+03
4.270000000000000000e+03
4.271000000000000000e+03
4.272000000000000000e+03
4.273000000000000000e+03
4.274000000000000000e+03
4.275000000000000000e+03
4.276000000000000000e+03
4.277000000000000000e+03
4.278000000000000000e+03
4.279000000000000000e+03
4.280000000000000000e+03
4.281000000000000000e+03
4.282000000000000000e+03
4.283000000000000000e+03
4.284000000000000000e+03
4.285000000000000000e+03
4.286000000000000000e+03
4.287000000000000000e+03
4.288000000000000000e+03
4.289000000000000000e+03
4.290000000000000000e+03
4.291000000000000000e+03
4.292000000000000000e+03
4.293000000000000000e+03
4.294000000000000000e+03
4.295000000000000000e+03
4.296000000000000000e+03
4.297000000000000000e+03
4.298000000000000000e+03
4.299000000000000000e+03
4.300000000000000000e+03
4.301000000000000000e+03
4.302000000000000000e+03
4.303000000000000000e+03
4.304000000000000000e+03
4.305000000000000000e+03
4.306000000000000000e+03
4.307000000000000000e+03
4.308000000000000000e+03
4.309000000000000000e+03
4.310000000000000000e+03
4.311000000000000000e+03
4.312000000000000000e+03
4.313000000000000000e+03
4.314000000000000000e+03
4.315000000000000000e+03
4.316000000000000000e+03
4.317000000000000000e+03
4.318000000000000000e+03
4.319000000000000000e+03
4.320000000000000000e+03
4.321000000000000000e+03
4.322000000000000000e+03
4.323000000000000000e+03
4.324000000000000000e+03
4.325000000000000000e+03
4.326000000000000000e+03
4.327000000000000000e+03
4.328000000000000000e+03
4.329000000000000000e+03
4.330000000000000000e+03
4.331000000000000000e+03
4.332000000000000000e+03
4.333000000000000000e+03
4.334000000000000000e+03
4.335000000000000000e+03
4.336000000000000000e+03
4.337000000000000000e+03
4.338000000000000000e+03
4.339000000000000000e+03
4.340000000000000000e+03
4.341000000000000000e+03
4.342000000000000000e+03
4.343000000000000000e+03
4.344000000000000000e+03
7.235000000000000000e+03
7.236000000000000000e+03
7.237000000000000000e+03
7.238000000000000000e+03
7.239000000000000000e+03
7.240000000000000000e+03
7.241000000000000000e+03
7.242000000000000000e+03
7.243000000000000000e+03
7.244000000000000000e+03
7.245000000000000000e+03
7.246000000000000000e+03
7.247000000000000000e+03
7.248000000000000000e+03
7.249000000000000000e+03
7.250000000000000000e+03
7.251000000000000000e+03
7.252000000000000000e+03
7.253000000000000000e+03
7.254000000000000000e+03
7.255000000000000000e+03
7.256000000000000000e+03
7.257000000000000000e+03
7.258000000000000000e+03
7.259000000000000000e+03
7.260000000000000000e+03
7.261000000000000000e+03
7.262000000000000000e+03
7.263000000000000000e+03
7.264000000000000000e+03
7.265000000000000000e+03
7.266000000000000000e+03
7.267000000000000000e+03
7.268000000000000000e+03
7.269000000000000000e+03
7.270000000000000000e+03
7.271000000000000000e+03
7.272000000000000000e+03
7.273000000000000000e+03
7.274000000000000000e+03
7.275000000000000000e+03
7.276000000000000000e+03
7.277000000000000000e+03
7.278000000000000000e+03
7.279000000000000000e+03
7.280000000000000000e+03
7.281000000000000000e+03
7.282000000000000000e+03
7.283000000000000000e+03
7.284000000000000000e+03
7.285000000000000000e+03
7.286000000000000000e+03
7.287000000000000000e+03
7.288000000000000000e+03
7.289000000000000000e+03
7.290000000000000000e+03
7.291000000000000000e+03
7.292000000000000000e+03
7.293000000000000000e+03
7.294000000000000000e+03
7.295000000000000000e+03
7.296000000000000000e+03
7.297000000000000000e+03
7.298000000000000000e+03
7.299000000000000000e+03
7.300000000000000000e+03
7.301000000000000000e+03
7.302000000000000000e+03
7.303000000000000000e+03
7.304000000000000000e+03
7.305000000000000000e+03
7.306000000000000000e+03
7.307000000000000000e+03
7.308000000000000000e+03
7.309000000000000000e+03
7.310000000000000000e+03
7.311000000000000000e+03
7.312000000000000000e+03
7.313000000000000000e+03
7.314000000000000000e+03
7.315000000000000000e+03
7.316000000000000000e+03
7.317000000000000000e+03
7.318000000000000000e+03
7.319000000000000000e+03
7.320000000000000000e+03
7.321000000000000000e+03
7.322000000000000000e+03
7.323000000000000000e+03
7.324000000000000000e+03
7.325000000000000000e+03
7.326000000000000000e+03
7.327000000000000000e+03
7.328000000000000000e+03
7.329000000000000000e+03
7.330000000000000000e+03
7.331000000000000000e+03
7.332000000000000000e+03
7.333000000000000000e+03
7.334000000000000000e+03
7.335000000000000000e+03
7.336000000000000000e+03
7.337000000000000000e+03
7.338000000000000000e+03
7.339000000000000000e+03
7.340000000000000000e+03
7.341000000000000000e+03
7.342000000000000000e+03
7.343000000000000000e+03
7.344000000000000000e+03
7.345000000000000000e+03
7.346000000000000000e+03
7.347000000000000000e+03
7.348000000000000000e+03
7.349000000000000000e+03
7.350000000000000000e+03
7.351000000000000000e+03
7.352000000000000000e+03
7.353000000000000000e+03
7.354000000000000000e+03
7.355000000000000000e+03
7.356000000000000000e+03
7.357000000000000000e+03
7.358000000000000000e+03
7.359000000000000000e+03
7.360000000000000000e+03
7.361000000000000000e+03
7.362000000000000000e+03
7.363000000000000000e+03
7.364000000000000000e+03
7.365000000000000000e+03
7.366000000000000000e+03
7.367000000000000000e+03
7.368000000000000000e+03
7.369000000000000000e+03
7.370000000000000000e+03
7.371000000000000000e+03
7.372000000000000000e+03
7.373000000000000000e+03
7.374000000000000000e+03
7.375000000000000000e+03
7.376000000000000000e+03
7.377000000000000000e+03
7.378000000000000000e+03
7.379000000000000000e+03
7.380000000000000000e+03
7.381000000000000000e+03
7.382000000000000000e+03
7.383000000000000000e+03
7.384000000000000000e+03
7.385000000000000000e+03
7.386000000000000000e+03
7.387000000000000000e+03
7.388000000000000000e+03
7.389000000000000000e+03
7.390000000000000000e+03
7.391000000000000000e+03
7.392000000000000000e+03
7.393000000000000000e+03
7.394000000000000000e+03
7.395000000000000000e+03
7.396000000000000000e+03
7.397000000000000000e+03
7.398000000000000000e+03
7.399000000000000000e+03
7.400000000000000000e+03
7.401000000000000000e+03
7.402000000000000000e+03
7.403000000000000000e+03
7.404000000000000000e+03
7.405000000000000000e+03
7.406000000000000000e+03
7.407000000000000000e+03
7.408000000000000000e+03
7.409000000000000000e+03
7.410000000000000000e+03
7.411000000000000000e+03
7.412000000000000000e+03
7.413000000000000000e+03
7.414000000000000000e+03
7.415000000000000000e+03
7.416000000000000000e+03
7.417000000000000000e+03
7.418000000000000000e+03
7.419000000000000000e+03
7.420000000000000000e+03
7.421000000000000000e+03
7.422000000000000000e+03
7.423000000000000000e+03
7.424000000000000000e+03
7.425000000000000000e+03
7.426000000000000000e+03
7.427000000000000000e+03
7.428000000000000000e+03
7.429000000000000000e+03
7.430000000000000000e+03
7.431000000000000000e+03
7.432000000000000000e+03
7.433000000000000000e+03
7.434000000000000000e+03
7.435000000000000000e+03
7.436000000000000000e+03
7.437000000000000000e+03
7.438000000000000000e+03
7.439000000000000000e+03
7.440000000000000000e+03
7.441000000000000000e+03
7.442000000000000000e+03
7.443000000000000000e+03
7.444000000000000000e+03
7.445000000000000000e+03
7.446000000000000000e+03
7.447000000000000000e+03
7.448000000000000000e+03
7.449000000000000000e+03
7.450000000000000000e+03
7.451000000000000000e+03
7.452000000000000000e+03
7.453000000000000000e+03
7.454000000000000000e+03
7.455000000000000000e+03
7.456000000000000000e+03
7.457000000000000000e+03
7.458000000000000000e+03
7.459000000000000000e+03
7.460000000000000000e+03
7.461000000000000000e+03
7.462000000000000000e+03
7.463000000000000000e+03
7.464000000000000000e+03
7.465000000000000000e+03
7.466000000000000000e+03
7.467000000000000000e+03
7.468000000000000000e+03
7.469000000000000000e+03
7.470000000000000000e+03
7.471000000000000000e+03
7.472000000000000000e+03
7.473000000000000000e+03
7.474000000000000000e+03
7.475000000000000000e+03
7.476000000000000000e+03
7.477000000000000000e+03
7.478000000000000000e+03
7.479000000000000000e+03
7.480000000000000000e+03
7.481000000000000000e+03
7.482000000000000000e+03
7.483000000000000000e+03
7.484000000000000000e+03
7.485000000000000000e+03
7.486000000000000000e+03
7.487000000000000000e+03
7.488000000000000000e+03
7.489000000000000000e+03
7.490000000000000000e+03
7.491000000000000000e+03
7.492000000000000000e+03
7.493000000000000000e+03
7.494000000000000000e+03
7.495000000000000000e+03
7.496000000000000000e+03
7.497000000000000000e+03
7.498000000000000000e+03
7.499000000000000000e+03
7.500000000000000000e+03
7.501000000000000000e+03
7.502000000000000000e+03
7.503000000000000000e+03
7.504000000000000000e+03
7.505000000000000000e+03
7.506000000000000000e+03
7.507000000000000000e+03
7.508000000000000000e+03
7.509000000000000000e+03
7.510000000000000000e+03
7.511000000000000000e+03
7.512000000000000000e+03
7.513000000000000000e+03
7.514000000000000000e+03
7.515000000000000000e+03
7.516000000000000000e+03
7.517000000000000000e+03
7.518000000000000000e+03
7.519000000000000000e+03
7.520000000000000000e+03
7.521000000000000000e+03
7.522000000000000000e+03
7.523000000000000000e+03
7.524000000000000000e+03
7.525000000000000000e+03
7.526000000000000000e+03
7.527000000000000000e+03
7.528000000000000000e+03
7.529000000000000000e+03
7.530000000000000000e+03
7.531000000000000000e+03
7.532000000000000000e+03
7.533000000000000000e+03
7.534000000000000000e+03
7.535000000000000000e+03
7.536000000000000000e+03
7.537000000000000000e+03
7.538000000000000000e+03
7.539000000000000000e+03
7.540000000000000000e+03
7.541000000000000000e+03
7.542000000000000000e+03
7.543000000000000000e+03
7.544000000000000000e+03
7.545000000000000000e+03
7.546000000000000000e+03
7.547000000000000000e+03
7.548000000000000000e+03
7.549000000000000000e+03
7.550000000000000000e+03
7.551000000000000000e+03
7.552000000000000000e+03
7.553000000000000000e+03
7.554000000000000000e+03
7.555000000000000000e+03
7.556000000000000000e+03
7.557000000000000000e+03
7.558000000000000000e+03
7.559000000000000000e+03
7.560000000000000000e+03
7.561000000000000000e+03
7.562000000000000000e+03
7.563000000000000000e+03
7.564000000000000000e+03
7.565000000000000000e+03
7.566000000000000000e+03
7.567000000000000000e+03
7.568000000000000000e+03
7.569000000000000000e+03
7.570000000000000000e+03
7.571000000000000000e+03
7.572000000000000000e+03
7.573000000000000000e+03
7.574000000000000000e+03
7.575000000000000000e+03
7.576000000000000000e+03
7.577000000000000000e+03
7.578000000000000000e+03
7.579000000000000000e+03
7.580000000000000000e+03
7.581000000000000000e+03
7.582000000000000000e+03
7.583000000000000000e+03
7.584000000000000000e+03
7.585000000000000000e+03
7.586000000000000000e+03
7.587000000000000000e+03
7.588000000000000000e+03
7.589000000000000000e+03
7.590000000000000000e+03
7.591000000000000000e+03
7.592000000000000000e+03
7.593000000000000000e+03
7.594000000000000000e+03
7.595000000000000000e+03
7.596000000000000000e+03
7.597000000000000000e+03
7.598000000000000000e+03
7.599000000000000000e+03
7.600000000000000000e+03
7.601000000000000000e+03
7.602000000000000000e+03
7.603000000000000000e+03
7.604000000000000000e+03
7.605000000000000000e+03
7.606000000000000000e+03
7.607000000000000000e+03
7.608000000000000000e+03
7.609000000000000000e+03
7.610000000000000000e+03
7.611000000000000000e+03
7.612000000000000000e+03
7.613000000000000000e+03
7.614000000000000000e+03
7.615000000000000000e+03
7.616000000000000000e+03
7.617000000000000000e+03
7.618000000000000000e+03
7.619000000000000000e+03
7.620000000000000000e+03
7.621000000000000000e+03
7.622000000000000000e+03
7.623000000000000000e+03
7.624000000000000000e+03
7.625000000000000000e+03
7.626000000000000000e+03
7.627000000000000000e+03
7.628000000000000000e+03
7.629000000000000000e+03
7.630000000000000000e+03
7.631000000000000000e+03
7.632000000000000000e+03
7.633000000000000000e+03
7.634000000000000000e+03
7.635000000000000000e+03
7.636000000000000000e+03
7.637000000000000000e+03
7.638000000000000000e+03
7.639000000000000000e+03
7.640000000000000000e+03
7.641000000000000000e+03
7.642000000000000000e+03
7.643000000000000000e+03
7.644000000000000000e+03
7.645000000000000000e+03
7.646000000000000000e+03
7.647000000000000000e+03
7.648000000000000000e+03
7.649000000000000000e+03
7.650000000000000000e+03
7.651000000000000000e+03
7.652000000000000000e+03
7.653000000000000000e+03
7.654000000000000000e+03
7.655000000000000000e+03
7.656000000000000000e+03
7.657000000000000000e+03
7.658000000000000000e+03
7.659000000000000000e+03
7.660000000000000000e+03
7.661000000000000000e+03
7.662000000000000000e+03
7.663000000000000000e+03
7.664000000000000000e+03
7.665000000000000000e+03
7.666000000000000000e+03
7.667000000000000000e+03
7.668000000000000000e+03
7.669000000000000000e+03
7.670000000000000000e+03
7.671000000000000000e+03
7.672000000000000000e+03
7.673000000000000000e+03
7.674000000000000000e+03
7.675000000000000000e+03
7.676000000000000000e+03
7.677000000000000000e+03
7.678000000000000000e+03
7.679000000000000000e+03
7.680000000000000000e+03
7.681000000000000000e+03
7.682000000000000000e+03
7.683000000000000000e+03
7.684000000000000000e+03
7.685000000000000000e+03
7.686000000000000000e+03
7.687000000000000000e+03
7.688000000000000000e+03
7.689000000000000000e+03
7.690000000000000000e+03
7.691000000000000000e+03
7.692000000000000000e+03
7.693000000000000000e+03
7.694000000000000000e+03
7.695000000000000000e+03
7.696000000000000000e+03
7.697000000000000000e+03
7.698000000000000000e+03
7.699000000000000000e+03
7.700000000000000000e+03
7.701000000000000000e+03
7.702000000000000000e+03
7.703000000000000000e+03
7.704000000000000000e+03
7.705000000000000000e+03
7.706000000000000000e+03
7.707000000000000000e+03
7.708000000000000000e+03
7.709000000000000000e+03
7.710000000000000000e+03
7.711000000000000000e+03
7.712000000000000000e+03
7.713000000000000000e+03
7.714000000000000000e+03
7.715000000000000000e+03
7.716000000000000000e+03
7.717000000000000000e+03
7.718000000000000000e+03
7.719000000000000000e+03
7.720000000000000000e+03
7.721000000000000000e+03
7.722000000000000000e+03
7.723000000000000000e+03
7.724000000000000000e+03
7.725000000000000000e+03
7.726000000000000000e+03
7.727000000000000000e+03
7.728000000000000000e+03
7.729000000000000000e+03
7.730000000000000000e+03
7.731000000000000000e+03
7.732000000000000000e+03
7.733000000000000000e+03
7.734000000000000000e+03
7.735000000000000000e+03
7.736000000000000000e+03
7.737000000000000000e+03
7.738000000000000000e+03
7.739000000000000000e+03
7.740000000000000000e+03
7.741000000000000000e+03
7.742000000000000000e+03
7.743000000000000000e+03
7.744000000000000000e+03
7.745000000000000000e+03
7.746000000000000000e+03
7.747000000000000000e+03
7.748000000000000000e+03
7.749000000000000000e+03
7.750000000000000000e+03
7.751000000000000000e+03
7.752000000000000000e+03
7.753000000000000000e+03
7.754000000000000000e+03
7.755000000000000000e+03
7.756000000000000000e+03
7.757000000000000000e+03
7.758000000000000000e+03
7.759000000000000000e+03
7.760000000000000000e+03
7.761000000000000000e+03
7.762000000000000000e+03
7.763000000000000000e+03
7.764000000000000000e+03
7.765000000000000000e+03
7.766000000000000000e+03
7.767000000000000000e+03
7.768000000000000000e+03
7.769000000000000000e+03
7.770000000000000000e+03
7.771000000000000000e+03
7.772000000000000000e+03
7.773000000000000000e+03
7.774000000000000000e+03
7.775000000000000000e+03
7.776000000000000000e+03
7.777000000000000000e+03
7.778000000000000000e+03
7.779000000000000000e+03
7.780000000000000000e+03
7.781000000000000000e+03
7.782000000000000000e+03
7.783000000000000000e+03
7.784000000000000000e+03
7.785000000000000000e+03
7.786000000000000000e+03
7.787000000000000000e+03
7.788000000000000000e+03
7.789000000000000000e+03
7.790000000000000000e+03
7.791000000000000000e+03
7.792000000000000000e+03
7.793000000000000000e+03
7.794000000000000000e+03
7.795000000000000000e+03
7.796000000000000000e+03
7.797000000000000000e+03
7.798000000000000000e+03
8.929000000000000000e+03
8.930000000000000000e+03
8.931000000000000000e+03
8.932000000000000000e+03
8.933000000000000000e+03
8.934000000000000000e+03
8.935000000000000000e+03
8.936000000000000000e+03
8.937000000000000000e+03
8.938000000000000000e+03
8.939000000000000000e+03
8.940000000000000000e+03
8.941000000000000000e+03
8.942000000000000000e+03
8.943000000000000000e+03
8.944000000000000000e+03
8.945000000000000000e+03
8.946000000000000000e+03
8.947000000000000000e+03
8.948000000000000000e+03
8.949000000000000000e+03
8.950000000000000000e+03
8.951000000000000000e+03
8.952000000000000000e+03
8.953000000000000000e+03
8.954000000000000000e+03
8.955000000000000000e+03
8.956000000000000000e+03
8.957000000000000000e+03
8.958000000000000000e+03
8.959000000000000000e+03
8.960000000000000000e+03
8.961000000000000000e+03
8.962000000000000000e+03
8.963000000000000000e+03
8.964000000000000000e+03
8.965000000000000000e+03
8.966000000000000000e+03
8.967000000000000000e+03
8.968000000000000000e+03
8.969000000000000000e+03
8.970000000000000000e+03
8.971000000000000000e+03
8.972000000000000000e+03
8.973000000000000000e+03
8.974000000000000000e+03
8.975000000000000000e+03
8.976000000000000000e+03
8.977000000000000000e+03
8.978000000000000000e+03
8.979000000000000000e+03
8.980000000000000000e+03
8.981000000000000000e+03
8.982000000000000000e+03
8.983000000000000000e+03
8.984000000000000000e+03
8.985000000000000000e+03
8.986000000000000000e+03
8.987000000000000000e+03
8.988000000000000000e+03
8.989000000000000000e+03
8.990000000000000000e+03
8.991000000000000000e+03
8.992000000000000000e+03
8.993000000000000000e+03
8.994000000000000000e+03
8.995000000000000000e+03
8.996000000000000000e+03
8.997000000000000000e+03
8.998000000000000000e+03
8.999000000000000000e+03
9.000000000000000000e+03
9.001000000000000000e+03
9.002000000000000000e+03
9.003000000000000000e+03
9.004000000000000000e+03
9.005000000000000000e+03
9.006000000000000000e+03
9.007000000000000000e+03
9.008000000000000000e+03
9.009000000000000000e+03
9.010000000000000000e+03
9.011000000000000000e+03
9.012000000000000000e+03
9.013000000000000000e+03
9.014000000000000000e+03
9.015000000000000000e+03
9.016000000000000000e+03
9.017000000000000000e+03
9.018000000000000000e+03
9.019000000000000000e+03
9.020000000000000000e+03
9.021000000000000000e+03
9.022000000000000000e+03
9.023000000000000000e+03
9.024000000000000000e+03
9.025000000000000000e+03
9.026000000000000000e+03
9.027000000000000000e+03
9.028000000000000000e+03
9.029000000000000000e+03
9.030000000000000000e+03
9.031000000000000000e+03
9.032000000000000000e+03
9.033000000000000000e+03
9.034000000000000000e+03
9.035000000000000000e+03
9.036000000000000000e+03
9.037000000000000000e+03
9.038000000000000000e+03
9.039000000000000000e+03
9.040000000000000000e+03
9.041000000000000000e+03
9.042000000000000000e+03
9.043000000000000000e+03
9.044000000000000000e+03
9.045000000000000000e+03
9.046000000000000000e+03
9.047000000000000000e+03
9.048000000000000000e+03
9.049000000000000000e+03
9.050000000000000000e+03
9.051000000000000000e+03
9.052000000000000000e+03
9.053000000000000000e+03
9.054000000000000000e+03
9.055000000000000000e+03
9.056000000000000000e+03
9.057000000000000000e+03
9.058000000000000000e+03
9.059000000000000000e+03
9.060000000000000000e+03
9.061000000000000000e+03
9.062000000000000000e+03
9.063000000000000000e+03
9.064000000000000000e+03
9.065000000000000000e+03
9.066000000000000000e+03
9.067000000000000000e+03
9.068000000000000000e+03
9.069000000000000000e+03
9.070000000000000000e+03
9.071000000000000000e+03
9.072000000000000000e+03
9.073000000000000000e+03
9.074000000000000000e+03
9.075000000000000000e+03
9.076000000000000000e+03
9.077000000000000000e+03
9.078000000000000000e+03
9.079000000000000000e+03
9.080000000000000000e+03
9.081000000000000000e+03
9.082000000000000000e+03
9.083000000000000000e+03
9.084000000000000000e+03
9.085000000000000000e+03
9.086000000000000000e+03
9.087000000000000000e+03
9.088000000000000000e+03
9.089000000000000000e+03
9.090000000000000000e+03
9.091000000000000000e+03
9.092000000000000000e+03
9.093000000000000000e+03
9.094000000000000000e+03
9.095000000000000000e+03
9.096000000000000000e+03
9.097000000000000000e+03
9.098000000000000000e+03
9.099000000000000000e+03
9.100000000000000000e+03
9.101000000000000000e+03
9.102000000000000000e+03
9.103000000000000000e+03
9.104000000000000000e+03
9.105000000000000000e+03
9.106000000000000000e+03
9.107000000000000000e+03
9.108000000000000000e+03
9.109000000000000000e+03
9.110000000000000000e+03
9.111000000000000000e+03
9.112000000000000000e+03
9.113000000000000000e+03
9.114000000000000000e+03
9.115000000000000000e+03
9.116000000000000000e+03
9.117000000000000000e+03
9.118000000000000000e+03
9.119000000000000000e+03
9.120000000000000000e+03
9.121000000000000000e+03
9.122000000000000000e+03
9.123000000000000000e+03
9.124000000000000000e+03
9.125000000000000000e+03
9.126000000000000000e+03
9.127000000000000000e+03
9.128000000000000000e+03
9.129000000000000000e+03
9.130000000000000000e+03
9.131000000000000000e+03
9.132000000000000000e+03
9.133000000000000000e+03
9.134000000000000000e+03
9.135000000000000000e+03
9.136000000000000000e+03
9.137000000000000000e+03
9.138000000000000000e+03
9.139000000000000000e+03
9.140000000000000000e+03
9.141000000000000000e+03
9.142000000000000000e+03
9.143000000000000000e+03
9.144000000000000000e+03
9.145000000000000000e+03
9.146000000000000000e+03
9.147000000000000000e+03
9.148000000000000000e+03
9.149000000000000000e+03
9.150000000000000000e+03
9.151000000000000000e+03
9.152000000000000000e+03
9.153000000000000000e+03
9.154000000000000000e+03
9.155000000000000000e+03
9.156000000000000000e+03
9.157000000000000000e+03
9.158000000000000000e+03
9.159000000000000000e+03
9.160000000000000000e+03
9.161000000000000000e+03
9.162000000000000000e+03
9.163000000000000000e+03
9.164000000000000000e+03
9.165000000000000000e+03
9.166000000000000000e+03
9.167000000000000000e+03
9.168000000000000000e+03
9.169000000000000000e+03
9.170000000000000000e+03
9.171000000000000000e+03
9.172000000000000000e+03
9.173000000000000000e+03
9.174000000000000000e+03
9.175000000000000000e+03
9.176000000000000000e+03
9.177000000000000000e+03
9.178000000000000000e+03
9.179000000000000000e+03
9.180000000000000000e+03
9.181000000000000000e+03
9.182000000000000000e+03
9.183000000000000000e+03
9.184000000000000000e+03
9.185000000000000000e+03
9.186000000000000000e+03
9.187000000000000000e+03
9.188000000000000000e+03
9.189000000000000000e+03
9.190000000000000000e+03
9.191000000000000000e+03
9.192000000000000000e+03
9.193000000000000000e+03
9.194000000000000000e+03
9.195000000000000000e+03
9.196000000000000000e+03
9.197000000000000000e+03
9.198000000000000000e+03
9.199000000000000000e+03
9.200000000000000000e+03
9.201000000000000000e+03
9.202000000000000000e+03
9.203000000000000000e+03
9.204000000000000000e+03
9.205000000000000000e+03
9.206000000000000000e+03
9.207000000000000000e+03
9.208000000000000000e+03
9.209000000000000000e+03
9.210000000000000000e+03
9.211000000000000000e+03
9.212000000000000000e+03
9.213000000000000000e+03
9.214000000000000000e+03
9.215000000000000000e+03
9.216000000000000000e+03
9.217000000000000000e+03
9.218000000000000000e+03
9.219000000000000000e+03
9.220000000000000000e+03
9.221000000000000000e+03
9.222000000000000000e+03
9.223000000000000000e+03
9.224000000000000000e+03
9.225000000000000000e+03
9.226000000000000000e+03
9.227000000000000000e+03
9.228000000000000000e+03
9.229000000000000000e+03
9.230000000000000000e+03
9.231000000000000000e+03
9.232000000000000000e+03
9.233000000000000000e+03
9.234000000000000000e+03
9.235000000000000000e+03
9.236000000000000000e+03
9.237000000000000000e+03
9.238000000000000000e+03
9.239000000000000000e+03
9.240000000000000000e+03
9.241000000000000000e+03
9.242000000000000000e+03
9.243000000000000000e+03
9.244000000000000000e+03
9.245000000000000000e+03
9.246000000000000000e+03
9.247000000000000000e+03
9.248000000000000000e+03
9.249000000000000000e+03
9.250000000000000000e+03
9.251000000000000000e+03
9.252000000000000000e+03
9.253000000000000000e+03
9.254000000000000000e+03
9.255000000000000000e+03
9.256000000000000000e+03
9.257000000000000000e+03
9.258000000000000000e+03
9.259000000000000000e+03
9.260000000000000000e+03
9.261000000000000000e+03
9.262000000000000000e+03
9.263000000000000000e+03
9.264000000000000000e+03
9.265000000000000000e+03
9.266000000000000000e+03
9.267000000000000000e+03
9.268000000000000000e+03
9.269000000000000000e+03
9.270000000000000000e+03
9.271000000000000000e+03
9.272000000000000000e+03
9.273000000000000000e+03
9.274000000000000000e+03
9.275000000000000000e+03
9.276000000000000000e+03
9.277000000000000000e+03
9.278000000000000000e+03
9.279000000000000000e+03
9.280000000000000000e+03
9.281000000000000000e+03
9.282000000000000000e+03
9.283000000000000000e+03
9.284000000000000000e+03
9.285000000000000000e+03
9.286000000000000000e+03
9.287000000000000000e+03
9.288000000000000000e+03
9.289000000000000000e+03
9.290000000000000000e+03
9.291000000000000000e+03
9.292000000000000000e+03
9.293000000000000000e+03
9.294000000000000000e+03
9.295000000000000000e+03
9.296000000000000000e+03
9.297000000000000000e+03
9.298000000000000000e+03
9.299000000000000000e+03
9.300000000000000000e+03
9.301000000000000000e+03
9.302000000000000000e+03
9.303000000000000000e+03
9.304000000000000000e+03
9.305000000000000000e+03
9.306000000000000000e+03
9.307000000000000000e+03
9.308000000000000000e+03
9.309000000000000000e+03
9.310000000000000000e+03
9.311000000000000000e+03
9.312000000000000000e+03
9.313000000000000000e+03
9.314000000000000000e+03
9.315000000000000000e+03
9.316000000000000000e+03
9.317000000000000000e+03
9.318000000000000000e+03
9.319000000000000000e+03
9.320000000000000000e+03
9.321000000000000000e+03
9.322000000000000000e+03
9.323000000000000000e+03
9.324000000000000000e+03
9.325000000000000000e+03
9.326000000000000000e+03
9.327000000000000000e+03
9.328000000000000000e+03
9.329000000000000000e+03
9.330000000000000000e+03
9.331000000000000000e+03
9.332000000000000000e+03
9.333000000000000000e+03
9.334000000000000000e+03
9.335000000000000000e+03
9.336000000000000000e+03
9.337000000000000000e+03
9.338000000000000000e+03
9.339000000000000000e+03
9.340000000000000000e+03
9.341000000000000000e+03
9.342000000000000000e+03
9.343000000000000000e+03
9.344000000000000000e+03
9.345000000000000000e+03
9.346000000000000000e+03
9.347000000000000000e+03
9.348000000000000000e+03
9.349000000000000000e+03
9.350000000000000000e+03
9.351000000000000000e+03
9.352000000000000000e+03
9.353000000000000000e+03
9.354000000000000000e+03
9.355000000000000000e+03
9.356000000000000000e+03
9.357000000000000000e+03
9.358000000000000000e+03
9.359000000000000000e+03
9.360000000000000000e+03
9.361000000000000000e+03
9.362000000000000000e+03
9.363000000000000000e+03
9.364000000000000000e+03
9.365000000000000000e+03
9.366000000000000000e+03
9.367000000000000000e+03
9.368000000000000000e+03
9.369000000000000000e+03
9.370000000000000000e+03
9.371000000000000000e+03
9.372000000000000000e+03
9.373000000000000000e+03
9.374000000000000000e+03
9.375000000000000000e+03
9.376000000000000000e+03
9.377000000000000000e+03
9.378000000000000000e+03
9.379000000000000000e+03
9.380000000000000000e+03
9.381000000000000000e+03
9.382000000000000000e+03
9.383000000000000000e+03
9.384000000000000000e+03
9.385000000000000000e+03
9.386000000000000000e+03
9.387000000000000000e+03
9.388000000000000000e+03
9.389000000000000000e+03
9.390000000000000000e+03
9.391000000000000000e+03
9.392000000000000000e+03
9.393000000000000000e+03
9.394000000000000000e+03
9.395000000000000000e+03
9.396000000000000000e+03
9.397000000000000000e+03
9.398000000000000000e+03
9.399000000000000000e+03
9.400000000000000000e+03
9.401000000000000000e+03
9.402000000000000000e+03
9.403000000000000000e+03
9.404000000000000000e+03
9.405000000000000000e+03
9.406000000000000000e+03
9.407000000000000000e+03
9.408000000000000000e+03
9.409000000000000000e+03
9.410000000000000000e+03
9.411000000000000000e+03
9.412000000000000000e+03
9.413000000000000000e+03
9.414000000000000000e+03
9.415000000000000000e+03
9.416000000000000000e+03
9.417000000000000000e+03
9.418000000000000000e+03
9.419000000000000000e+03
9.420000000000000000e+03
9.421000000000000000e+03
9.422000000000000000e+03
9.423000000000000000e+03
9.424000000000000000e+03
9.425000000000000000e+03
9.426000000000000000e+03
9.427000000000000000e+03
9.428000000000000000e+03
9.429000000000000000e+03
9.430000000000000000e+03
9.431000000000000000e+03
9.432000000000000000e+03
9.433000000000000000e+03
9.434000000000000000e+03
9.435000000000000000e+03
9.436000000000000000e+03
9.437000000000000000e+03
9.438000000000000000e+03
9.439000000000000000e+03
9.440000000000000000e+03
9.441000000000000000e+03
9.442000000000000000e+03
9.443000000000000000e+03
9.444000000000000000e+03
9.445000000000000000e+03
9.446000000000000000e+03
9.447000000000000000e+03
9.448000000000000000e+03
9.449000000000000000e+03
9.450000000000000000e+03
9.451000000000000000e+03
9.452000000000000000e+03
9.453000000000000000e+03
9.454000000000000000e+03
9.455000000000000000e+03
9.456000000000000000e+03
9.457000000000000000e+03
9.458000000000000000e+03
9.459000000000000000e+03
9.460000000000000000e+03
9.461000000000000000e+03
9.462000000000000000e+03
9.463000000000000000e+03
9.464000000000000000e+03
9.465000000000000000e+03
9.466000000000000000e+03
9.467000000000000000e+03
9.468000000000000000e+03
9.469000000000000000e+03
9.470000000000000000e+03
9.471000000000000000e+03
9.472000000000000000e+03
9.473000000000000000e+03
9.474000000000000000e+03
9.475000000000000000e+03
9.476000000000000000e+03
9.477000000000000000e+03
9.478000000000000000e+03
9.479000000000000000e+03
9.480000000000000000e+03
9.481000000000000000e+03
9.482000000000000000e+03
9.483000000000000000e+03
9.484000000000000000e+03
9.485000000000000000e+03
9.486000000000000000e+03
9.487000000000000000e+03
9.488000000000000000e+03
9.489000000000000000e+03
9.490000000000000000e+03
9.491000000000000000e+03
9.492000000000000000e+03
9.493000000000000000e+03
9.494000000000000000e+03
9.495000000000000000e+03
9.496000000000000000e+03
9.497000000000000000e+03
9.498000000000000000e+03
9.499000000000000000e+03
9.500000000000000000e+03
9.501000000000000000e+03
9.502000000000000000e+03
9.503000000000000000e+03
9.504000000000000000e+03
9.505000000000000000e+03
9.506000000000000000e+03
9.507000000000000000e+03
9.508000000000000000e+03
9.509000000000000000e+03
9.510000000000000000e+03
9.511000000000000000e+03
9.512000000000000000e+03
9.513000000000000000e+03
9.514000000000000000e+03
9.515000000000000000e+03
9.516000000000000000e+03
9.517000000000000000e+03
9.518000000000000000e+03
9.519000000000000000e+03
9.520000000000000000e+03
9.521000000000000000e+03
9.522000000000000000e+03
9.523000000000000000e+03
9.524000000000000000e+03
9.525000000000000000e+03
9.526000000000000000e+03
9.527000000000000000e+03
9.528000000000000000e+03
9.529000000000000000e+03
9.530000000000000000e+03
9.531000000000000000e+03
9.532000000000000000e+03
9.533000000000000000e+03
9.534000000000000000e+03
9.535000000000000000e+03
9.536000000000000000e+03
9.537000000000000000e+03
9.538000000000000000e+03
9.539000000000000000e+03
9.540000000000000000e+03
9.541000000000000000e+03
9.542000000000000000e+03
9.543000000000000000e+03
9.544000000000000000e+03
9.545000000000000000e+03
9.546000000000000000e+03
9.547000000000000000e+03
9.548000000000000000e+03
9.549000000000000000e+03
9.550000000000000000e+03
9.551000000000000000e+03
9.552000000000000000e+03
9.553000000000000000e+03
9.554000000000000000e+03
9.555000000000000000e+03
9.556000000000000000e+03
9.557000000000000000e+03
9.558000000000000000e+03
9.559000000000000000e+03
9.560000000000000000e+03
9.561000000000000000e+03
9.562000000000000000e+03
9.563000000000000000e+03
9.564000000000000000e+03
9.565000000000000000e+03
9.566000000000000000e+03
9.567000000000000000e+03
9.568000000000000000e+03
9.569000000000000000e+03
9.570000000000000000e+03
9.571000000000000000e+03
9.572000000000000000e+03
9.573000000000000000e+03
9.574000000000000000e+03
9.575000000000000000e+03
9.576000000000000000e+03
9.577000000000000000e+03
9.578000000000000000e+03
9.579000000000000000e+03
9.580000000000000000e+03
9.581000000000000000e+03
9.582000000000000000e+03
9.583000000000000000e+03
9.584000000000000000e+03
9.585000000000000000e+03
9.586000000000000000e+03
9.587000000000000000e+03
9.588000000000000000e+03
9.589000000000000000e+03
9.590000000000000000e+03
9.591000000000000000e+03
9.592000000000000000e+03
9.593000000000000000e+03
9.594000000000000000e+03
9.595000000000000000e+03
9.596000000000000000e+03
9.597000000000000000e+03
9.598000000000000000e+03
9.599000000000000000e+03
9.600000000000000000e+03
9.601000000000000000e+03
9.602000000000000000e+03
9.603000000000000000e+03
9.604000000000000000e+03
9.605000000000000000e+03
9.606000000000000000e+03
9.607000000000000000e+03
9.608000000000000000e+03
9.609000000000000000e+03
9.610000000000000000e+03
9.611000000000000000e+03
9.612000000000000000e+03
9.613000000000000000e+03
9.614000000000000000e+03
9.615000000000000000e+03
9.616000000000000000e+03
9.617000000000000000e+03
9.618000000000000000e+03
9.619000000000000000e+03
9.620000000000000000e+03
9.621000000000000000e+03
9.622000000000000000e+03
9.623000000000000000e+03
9.624000000000000000e+03
9.625000000000000000e+03
9.626000000000000000e+03
9.627000000000000000e+03
9.628000000000000000e+03
9.629000000000000000e+03
9.630000000000000000e+03
9.631000000000000000e+03
9.632000000000000000e+03
9.633000000000000000e+03
9.634000000000000000e+03
9.635000000000000000e+03
9.636000000000000000e+03
9.637000000000000000e+03
9.638000000000000000e+03
9.639000000000000000e+03
9.640000000000000000e+03
9.641000000000000000e+03
9.642000000000000000e+03
9.643000000000000000e+03
9.644000000000000000e+03
9.645000000000000000e+03
9.646000000000000000e+03
9.647000000000000000e+03
9.648000000000000000e+03
9.649000000000000000e+03
9.650000000000000000e+03
9.651000000000000000e+03
9.652000000000000000e+03
9.653000000000000000e+03
9.654000000000000000e+03
9.655000000000000000e+03
9.656000000000000000e+03
9.657000000000000000e+03
9.658000000000000000e+03
9.659000000000000000e+03
9.660000000000000000e+03
9.661000000000000000e+03
9.662000000000000000e+03
9.663000000000000000e+03
9.664000000000000000e+03
9.665000000000000000e+03
9.666000000000000000e+03
9.667000000000000000e+03
9.668000000000000000e+03
9.669000000000000000e+03
9.670000000000000000e+03
9.671000000000000000e+03
9.672000000000000000e+03
9.673000000000000000e+03
9.674000000000000000e+03
9.675000000000000000e+03
9.676000000000000000e+03
9.677000000000000000e+03
9.678000000000000000e+03
9.679000000000000000e+03
9.680000000000000000e+03
9.681000000000000000e+03
9.682000000000000000e+03
9.683000000000000000e+03
9.684000000000000000e+03
9.685000000000000000e+03
9.686000000000000000e+03
9.687000000000000000e+03
9.688000000000000000e+03
9.689000000000000000e+03
9.690000000000000000e+03
9.691000000000000000e+03
9.692000000000000000e+03
9.693000000000000000e+03
9.694000000000000000e+03
9.695000000000000000e+03
9.696000000000000000e+03
9.697000000000000000e+03
9.698000000000000000e+03
9.699000000000000000e+03
9.700000000000000000e+03
9.701000000000000000e+03
9.702000000000000000e+03
9.703000000000000000e+03
9.704000000000000000e+03
9.705000000000000000e+03
9.706000000000000000e+03
9.707000000000000000e+03
9.708000000000000000e+03
9.709000000000000000e+03
9.710000000000000000e+03
9.711000000000000000e+03
9.712000000000000000e+03
9.713000000000000000e+03
9.714000000000000000e+03
9.715000000000000000e+03
9.716000000000000000e+03
9.717000000000000000e+03
9.718000000000000000e+03
9.719000000000000000e+03
9.720000000000000000e+03
9.721000000000000000e+03
9.722000000000000000e+03
9.723000000000000000e+03
9.724000000000000000e+03
9.725000000000000000e+03
9.726000000000000000e+03
9.727000000000000000e+03
9.728000000000000000e+03
9.729000000000000000e+03
9.730000000000000000e+03
9.731000000000000000e+03
9.732000000000000000e+03
9.733000000000000000e+03
9.734000000000000000e+03
9.735000000000000000e+03
9.736000000000000000e+03
9.737000000000000000e+03
9.738000000000000000e+03
9.739000000000000000e+03
9.740000000000000000e+03
9.741000000000000000e+03
9.742000000000000000e+03
9.743000000000000000e+03
9.744000000000000000e+03
9.745000000000000000e+03
9.746000000000000000e+03
9.747000000000000000e+03
9.748000000000000000e+03
9.749000000000000000e+03
9.750000000000000000e+03
9.751000000000000000e+03
9.752000000000000000e+03
9.753000000000000000e+03
9.754000000000000000e+03
9.755000000000000000e+03
9.756000000000000000e+03
9.757000000000000000e+03
9.758000000000000000e+03
9.759000000000000000e+03
9.760000000000000000e+03
9.761000000000000000e+03
9.762000000000000000e+03
9.763000000000000000e+03
9.764000000000000000e+03
9.765000000000000000e+03
9.766000000000000000e+03
9.767000000000000000e+03
9.768000000000000000e+03
9.769000000000000000e+03
9.770000000000000000e+03
9.771000000000000000e+03
9.772000000000000000e+03
9.773000000000000000e+03
9.774000000000000000e+03
9.775000000000000000e+03
9.776000000000000000e+03
9.777000000000000000e+03
9.778000000000000000e+03
9.779000000000000000e+03
9.780000000000000000e+03
9.781000000000000000e+03
9.782000000000000000e+03
9.783000000000000000e+03
9.784000000000000000e+03
9.785000000000000000e+03
9.786000000000000000e+03
9.787000000000000000e+03
9.788000000000000000e+03
