9.024807527801539386e-01
9.503849443969204502e-01
9.597946963216423821e-01
9.687767322497861100e-01
9.717707442258340933e-01
9.747647562018819656e-01
9.756201881950384847e-01
9.807527801539777101e-01
9.833190761334473784e-01
9.833190761334473784e-01
9.841745081266038975e-01
9.824636441402908593e-01
9.837467921300256934e-01
9.846022241231822125e-01
9.846022241231822125e-01
9.837467921300256934e-01
9.854576561163387316e-01
9.871685201026518808e-01
9.871685201026518808e-01
9.875962360992300848e-01
9.867408041060735657e-01
9.863130881094952507e-01
9.863130881094952507e-01
9.871685201026518808e-01
9.867408041060735657e-01
9.863130881094952507e-01
9.863130881094952507e-01
9.863130881094952507e-01
9.863130881094952507e-01
9.867408041060735657e-01
9.867408041060735657e-01
9.867408041060735657e-01
9.867408041060735657e-01
9.867408041060735657e-01
9.867408041060735657e-01
9.871685201026518808e-01
9.871685201026518808e-01
9.871685201026518808e-01
9.871685201026518808e-01
9.875962360992300848e-01
9.867408041060735657e-01
9.871685201026518808e-01
9.875962360992300848e-01
9.875962360992300848e-01
9.871685201026518808e-01
9.871685201026518808e-01
9.867408041060735657e-01
9.871685201026518808e-01
9.875962360992300848e-01
9.875962360992300848e-01
9.875962360992300848e-01
9.875962360992300848e-01
9.875962360992300848e-01
9.875962360992300848e-01
9.875962360992300848e-01
9.875962360992300848e-01
9.875962360992300848e-01
9.880239520958083999e-01
9.880239520958083999e-01
9.880239520958083999e-01
9.880239520958083999e-01
9.880239520958083999e-01
9.880239520958083999e-01
9.880239520958083999e-01
9.880239520958083999e-01
9.880239520958083999e-01
9.880239520958083999e-01
9.880239520958083999e-01
9.880239520958083999e-01
9.880239520958083999e-01
9.880239520958083999e-01
9.880239520958083999e-01
9.875962360992300848e-01
9.875962360992300848e-01
9.875962360992300848e-01
9.875962360992300848e-01
9.880239520958083999e-01
9.875962360992300848e-01
9.875962360992300848e-01
9.875962360992300848e-01
9.875962360992300848e-01
9.875962360992300848e-01
9.875962360992300848e-01
9.875962360992300848e-01
9.875962360992300848e-01
9.880239520958083999e-01
9.884516680923866039e-01
9.888793840889649189e-01
9.888793840889649189e-01
9.884516680923866039e-01
9.884516680923866039e-01
9.884516680923866039e-01
9.888793840889649189e-01
9.884516680923866039e-01
9.888793840889649189e-01
9.888793840889649189e-01
9.888793840889649189e-01
9.888793840889649189e-01
9.888793840889649189e-01
9.888793840889649189e-01
