8.635585970915312659e-01
9.277159965782719730e-01
9.401197604790418882e-01
9.478186484174507820e-01
9.499572284003421352e-01
9.542343883661248416e-01
9.508126603934987653e-01
9.563729683490163058e-01
9.610778443113772163e-01
9.610778443113772163e-01
9.597946963216423821e-01
9.687767322497861100e-01
9.751924721984601696e-01
9.666381522668947568e-01
9.662104362703165528e-01
9.653550042771599227e-01
9.636441402908468845e-01
9.692044482463644250e-01
9.619332763045337353e-01
9.687767322497861100e-01
9.597946963216423821e-01
9.657827202737382377e-01
9.627887082976903654e-01
9.636441402908468845e-01
9.679213002566295909e-01
9.623609923011120504e-01
9.640718562874251996e-01
9.580838323353293440e-01
9.679213002566295909e-01
9.555175363558596757e-01
9.649272882805817186e-01
9.662104362703165528e-01
9.627887082976903654e-01
9.585115483319076590e-01
9.666381522668947568e-01
9.589392643284858631e-01
9.597946963216423821e-01
9.597946963216423821e-01
9.585115483319076590e-01
9.662104362703165528e-01
9.615055603079555313e-01
9.585115483319076590e-01
9.576561163387510289e-01
9.662104362703165528e-01
9.585115483319076590e-01
9.585115483319076590e-01
9.662104362703165528e-01
9.615055603079555313e-01
9.550898203592814717e-01
9.666381522668947568e-01
9.576561163387510289e-01
9.559452523524379908e-01
9.640718562874251996e-01
9.580838323353293440e-01
9.482463644140290970e-01
9.572284003421728249e-01
9.615055603079555313e-01
9.640718562874251996e-01
9.679213002566295909e-01
9.520958083832334884e-01
9.516680923866552844e-01
9.568006843455945098e-01
9.593669803250641781e-01
9.589392643284858631e-01
9.696321642429427401e-01
9.636441402908468845e-01
9.593669803250641781e-01
9.589392643284858631e-01
9.585115483319076590e-01
9.563729683490163058e-01
9.555175363558596757e-01
9.585115483319076590e-01
9.563729683490163058e-01
9.585115483319076590e-01
9.572284003421728249e-01
9.619332763045337353e-01
9.443969204448245947e-01
9.653550042771599227e-01
9.542343883661248416e-01
9.572284003421728249e-01
9.550898203592814717e-01
9.597946963216423821e-01
9.580838323353293440e-01
9.563729683490163058e-01
9.593669803250641781e-01
9.606501283147990122e-01
9.555175363558596757e-01
9.568006843455945098e-01
9.593669803250641781e-01
9.585115483319076590e-01
9.550898203592814717e-01
9.568006843455945098e-01
9.550898203592814717e-01
9.452523524379812248e-01
9.533789563729683225e-01
9.550898203592814717e-01
9.499572284003421352e-01
9.593669803250641781e-01
9.525235243798118034e-01
9.516680923866552844e-01
