4.615055603079555313e-01
5.889649272882805375e-01
6.886227544910179521e-01
6.702309666381522923e-01
6.129170230966638488e-01
5.838323353293413120e-01
5.376390076988879496e-01
5.158254918733961025e-01
4.713430282292557782e-01
4.358426005132591818e-01
4.217279726261762285e-01
3.969204448246364536e-01
3.656971770744225636e-01
3.083832335329341201e-01
2.882805816937553667e-01
2.814371257485029920e-01
2.801539777587681579e-01
2.771599657827202856e-01
2.733105218135158387e-01
2.651839178785286300e-01
2.562018819503849576e-01
2.493584260051325829e-01
2.463644140290846829e-01
2.459366980325064234e-01
2.459366980325064234e-01
2.459366980325064234e-01
2.459366980325064234e-01
2.459366980325064234e-01
2.459366980325064234e-01
2.450812660393498765e-01
2.296834901625320891e-01
2.164242942686056548e-01
2.155688622754491079e-01
2.147134302822925611e-01
2.078699743370402142e-01
1.903336184773310458e-01
1.629597946963216304e-01
1.432848588537211365e-01
1.428571428571428492e-01
1.428571428571428492e-01
1.428571428571428492e-01
1.428571428571428492e-01
1.428571428571428492e-01
1.428571428571428492e-01
1.428571428571428492e-01
1.428571428571428492e-01
1.428571428571428492e-01
1.428571428571428492e-01
1.428571428571428492e-01
1.428571428571428492e-01
1.428571428571428492e-01
1.428571428571428492e-01
1.428571428571428492e-01
1.428571428571428492e-01
1.428571428571428492e-01
1.428571428571428492e-01
1.428571428571428492e-01
1.428571428571428492e-01
1.428571428571428492e-01
1.428571428571428492e-01
1.428571428571428492e-01
1.428571428571428492e-01
1.428571428571428492e-01
1.428571428571428492e-01
1.428571428571428492e-01
1.428571428571428492e-01
1.428571428571428492e-01
1.428571428571428492e-01
1.428571428571428492e-01
1.428571428571428492e-01
1.428571428571428492e-01
1.428571428571428492e-01
1.428571428571428492e-01
1.428571428571428492e-01
1.428571428571428492e-01
1.428571428571428492e-01
1.428571428571428492e-01
1.428571428571428492e-01
1.428571428571428492e-01
1.428571428571428492e-01
1.428571428571428492e-01
1.428571428571428492e-01
1.428571428571428492e-01
1.428571428571428492e-01
1.428571428571428492e-01
1.428571428571428492e-01
1.428571428571428492e-01
1.428571428571428492e-01
1.428571428571428492e-01
1.428571428571428492e-01
1.428571428571428492e-01
1.428571428571428492e-01
1.428571428571428492e-01
1.428571428571428492e-01
1.428571428571428492e-01
1.428571428571428492e-01
1.428571428571428492e-01
1.428571428571428492e-01
1.428571428571428492e-01
1.428571428571428492e-01
