5.748502994011975842e-01
7.074422583404619269e-01
7.664670658682635196e-01
7.874251497005988476e-01
7.827202737382378261e-01
7.510692899914457321e-01
7.258340461933275867e-01
6.984602224123181990e-01
6.582549187339606922e-01
6.338751069289991769e-01
6.193327630453379085e-01
5.859709153122326653e-01
5.568862275449101285e-01
5.384944396920444687e-01
5.273738237810093876e-01
5.158254918733961025e-01
5.008554319931565191e-01
4.717707442258340378e-01
4.392643284858853692e-01
4.358426005132591818e-01
4.328485885372113096e-01
4.217279726261762285e-01
4.093242087254063133e-01
3.964927288280581941e-01
3.853721129170231130e-01
3.648417450812660445e-01
3.387510692899914355e-01
3.083832335329341201e-01
2.934131736526945922e-01
2.882805816937553667e-01
2.827202737382378261e-01
2.814371257485029920e-01
2.805816937553464729e-01
2.801539777587681579e-01
2.784431137724550642e-01
2.771599657827202856e-01
2.758768177929854515e-01
2.733105218135158387e-01
2.703165098374679109e-01
2.651839178785286300e-01
2.609067579127459235e-01
2.557741659538066981e-01
2.523524379811805107e-01
2.493584260051325829e-01
2.476475620188195170e-01
2.463644140290846829e-01
2.459366980325064234e-01
2.459366980325064234e-01
2.459366980325064234e-01
2.459366980325064234e-01
2.459366980325064234e-01
2.459366980325064234e-01
2.459366980325064234e-01
2.459366980325064234e-01
2.459366980325064234e-01
2.459366980325064234e-01
2.459366980325064234e-01
2.459366980325064234e-01
2.459366980325064234e-01
2.450812660393498765e-01
2.395209580838323360e-01
2.296834901625320891e-01
2.198460222412318144e-01
2.164242942686056548e-01
2.155688622754491079e-01
2.155688622754491079e-01
2.147134302822925611e-01
2.142857142857142738e-01
2.117194183062446611e-01
2.078699743370402142e-01
2.005988023952095800e-01
1.903336184773310458e-01
1.783575705731394456e-01
1.625320786997433709e-01
1.492728828058169366e-01
1.428571428571428492e-01
1.428571428571428492e-01
1.428571428571428492e-01
1.428571428571428492e-01
1.428571428571428492e-01
1.428571428571428492e-01
1.428571428571428492e-01
1.428571428571428492e-01
1.428571428571428492e-01
1.428571428571428492e-01
1.428571428571428492e-01
1.428571428571428492e-01
1.428571428571428492e-01
1.428571428571428492e-01
1.428571428571428492e-01
1.428571428571428492e-01
1.428571428571428492e-01
1.428571428571428492e-01
1.428571428571428492e-01
1.428571428571428492e-01
1.428571428571428492e-01
1.428571428571428492e-01
1.428571428571428492e-01
1.428571428571428492e-01
1.428571428571428492e-01
