Sample	Overlapping Genes	No Feature	Ambiguous Features	Multimapping	Unmapped
1179-1	65006615.0	5212696.0	6750309.0	6131195.0	8019763.0
1211-1	128237742.0	8161523.0	12833086.0	24140380.0	18905473.0
1258-1	147964023.0	9453562.0	15218092.0	18295653.0	16199230.0
126BG_CB_M1	41795477.0	687121.0	4245980.0	6919862.0	3403611.0
146BO_JB_M1	40299100.0	1141743.0	3760656.0	4689201.0	2693269.0
149BP_AB_M1	95577513.0	2902699.0	8846283.0	12750153.0	3623681.0
153BR_JB_M1	48074694.0	1344168.0	4722344.0	5326818.0	3169824.0
163BV_JE_M1	41704022.0	1201123.0	3978326.0	5017228.0	2855509.0
164BW_KC_M1	49083650.0	913599.0	4438245.0	5462368.0	2995446.0
167BZ_SP_M1	50804610.0	805396.0	4862436.0	5699510.0	2464759.0
193CP_LS	97930439.0	5710398.0	11912716.0	7679668.0	1813384.0
204H_AM_M1	46068290.0	1448558.0	4393956.0	6245442.0	2985526.0
205E_BD_M1	45611594.0	1103365.0	4296425.0	6005053.0	3280450.0
210DB_BW_M1	36265445.0	4031176.0	4217824.0	3933698.0	3180703.0
227DJ_JP_M1	41737700.0	1080663.0	3965609.0	5377334.0	2748112.0
247DT_SH_M1	48502650.0	1493539.0	4372105.0	5032623.0	3347526.0
250DV_LR_M1	26583672.0	1524987.0	2833027.0	2512791.0	671572.0
251DW_SD_M1	24794309.0	1762819.0	2586576.0	2223277.0	564818.0
252DX_DC_M1	28271664.0	1346542.0	2979691.0	2590445.0	722395.0
253DY_HA_M1	23197881.0	2403300.0	2370435.0	1867777.0	547379.0
254DZ_WP_M1	53799268.0	3884461.0	5106200.0	4711344.0	1315477.0
255EA_GC_M1	25024670.0	905352.0	2779062.0	2093782.0	647421.0
26I_SK_M1	31094781.0	2032830.0	3100742.0	2733474.0	749115.0
361AL_CC_M1	45947101.0	999548.0	4262047.0	5862566.0	3283938.0
373HQ_BTG_M1	71326615.0	7223033.0	6973620.0	5678824.0	4366165.0
37L_NA_M1	23740762.0	75189.0	3810430.0	6683515.0	974476.0
41M_MW_M1	46553370.0	779813.0	5909689.0	3489156.0	1305993.0
431-1_A_3	34200489.0	2730398.0	4404395.0	3623198.0	1131626.0
431-2_A_2	27510037.0	2860909.0	3363173.0	2470917.0	922667.0
432-3_A_2	30077565.0	2087489.0	3713419.0	2115202.0	801090.0
437-2_A_2	33067537.0	2385299.0	4003509.0	2227955.0	791029.0
437-3_A_2	31487765.0	3034068.0	4096680.0	2270232.0	850062.0
447-3_A_3	39056284.0	2977736.0	4835258.0	4073737.0	1352079.0
46N_RL_M1	60866303.0	3324369.0	6431816.0	5234448.0	1950206.0
49O_NM_M1	246353217.0	13068725.0	25875931.0	25163661.0	5970797.0
65T_CR_M1	52779314.0	2782417.0	5237334.0	5012571.0	1324846.0
81AB_MM_M1	49615113.0	1483441.0	4607062.0	6076856.0	3067369.0
92AI_SM	37015811.0	2955197.0	4936013.0	3334717.0	1106803.0
9C_DH_M1	56343790.0	3430974.0	5850407.0	5392550.0	1414778.0
B09-24-1RNA_UNKNOWN	117557063.0	8929391.0	11933136.0	11259588.0	11742968.0
B09-25-1RNA	22906156.0	1745039.0	2396390.0	2212419.0	1068259.0
B09-40-1M	44740368.0	1001556.0	4356895.0	5363933.0	2360979.0
B10-02-1RNA	67230482.0	5567020.0	7013468.0	6767030.0	4533291.0
B11-11-1M	37404389.0	1648092.0	3815134.0	2582598.0	2172914.0
B11-25-1M	69362825.0	4031895.0	6732126.0	5876240.0	3327199.0
B11-48-1M	47085681.0	862457.0	4489442.0	4584227.0	2261996.0
B12-21-1M	51286859.0	982759.0	4555252.0	6358644.0	2494054.0
B12-30RNA	119053760.0	4479388.0	13295030.0	7880647.0	7606571.0
B13-07-1M	93734429.0	5097784.0	9291007.0	10328830.0	4230464.0
B13-07-1RNA	21691551.0	1187432.0	2319656.0	1890875.0	805102.0
B13-15RNA	31258903.0	3093732.0	3468548.0	2282616.0	1511595.0
B13-52-1M	43097349.0	1756271.0	4209534.0	3687942.0	2182789.0
B14-07RNA	29166730.0	1826059.0	3129484.0	2474155.0	549741.0
B14-117-1RNA-2	25695932.0	1745374.0	2623001.0	2617167.0	553141.0
B14-130-1M	49003447.0	1370621.0	4473862.0	5163127.0	2266533.0
B14-48-1RNA	19889974.0	2185211.0	2122813.0	1946344.0	650478.0
B14-70-1RNA	24178870.0	1684887.0	2495329.0	2027428.0	458605.0
B14-78-1-U	58639276.0	1757370.0	5882070.0	5122832.0	2679504.0
B15-15_1_1	122399476.0	5541747.0	12933038.0	7273573.0	3062258.0
B15-25_1_2	6886745.0	195036.0	866760.0	597671.0	2102712.0
B15-28_1_1	126564797.0	4834070.0	13574798.0	8053193.0	4174192.0
B16-47_1_2	21177034.0	474252.0	2486412.0	1858349.0	1901671.0
B16-48_1_1	95542129.0	4973719.0	10318877.0	6719825.0	2919742.0
BB0280_CH_AffF_2	27651745.0	1088820.0	3461981.0	1277245.0	419646.0
BEG_1025-1_T999	53646941.0	1004717.0	6720706.0	3418376.0	1979292.0
BEG_1078-1_T1071	72141908.0	1463477.0	8712235.0	5136244.0	2086045.0
BEG_1111-1_T1105	52032235.0	1545124.0	6101520.0	3499045.0	877431.0
BEG_1230-1_T1227	32246894.0	1005787.0	3779594.0	2329263.0	1208803.0
BEG_14-4_T65	47516746.0	1587067.0	5665391.0	3398028.0	1778902.0
BEG_1435-01_T1370	53578736.0	1138295.0	5822665.0	3575722.0	838652.0
BEG_1438-1_T1339	54647170.0	1652496.0	6357176.0	3308593.0	1829675.0
BEG_851-1_T840	58802365.0	2247932.0	7611660.0	5204041.0	2394116.0
BEG_887-1_T1240	55253122.0	1761964.0	7611195.0	5861817.0	2364813.0
BEG_916-1_T916	51508969.0	1245074.0	5669182.0	3354905.0	1600057.0
BON_B09-27-1_1	23826927.0	1078234.0	2954153.0	1501619.0	1366132.0
BON_B12-33-2_1	24023086.0	1236240.0	2913762.0	1453032.0	1413009.0
BON_B12-71_2	85212064.0	2488090.0	8406516.0	6813417.0	1294357.0
BON_B12-74-1_1	24220276.0	1236276.0	2913154.0	1530806.0	1364344.0
BON_B12-76-1_2	32090070.0	1838063.0	3709261.0	1913717.0	2283756.0
BON_B13-55_1_2	80494947.0	4658922.0	8668170.0	6118493.0	2376754.0
BON_B14-163-1_2	25720771.0	2098100.0	2921713.0	1451557.0	729122.0
BON_B14-20_1	19266200.0	939981.0	2508437.0	1443424.0	1222987.0
BON_B14-51_1_2	43513364.0	1079272.0	4695906.0	2552976.0	918109.0
BON_B14-60-1_2	37604811.0	2799850.0	4219278.0	2232894.0	1587157.0
BON_B14-71-2_1	21898380.0	2585268.0	2713330.0	1325841.0	1309361.0
BON_B14-75-1_1	21154051.0	2709041.0	2363481.0	1472328.0	1270378.0
BON_B15-118_1	33956760.0	2475348.0	4115231.0	1919999.0	817646.0
BON_B15-125_1_2	60524285.0	1592676.0	7542427.0	3818459.0	1474596.0
BON_B15-26_1_1	43293498.0	944642.0	4781839.0	2027049.0	840436.0
BON_B15-76-2_2	35009959.0	3075888.0	4172486.0	1962679.0	966849.0
BON_B15-98_1_2	47937632.0	1418145.0	5304544.0	3052951.0	1153205.0
BON_B16-19_1	22197521.0	913012.0	2538353.0	1653428.0	2134025.0
BON_B16-22_1	21322969.0	1117730.0	2799757.0	1229718.0	1036652.0
BON_B16-50_1_2	40609294.0	947061.0	4694712.0	3484822.0	945890.0
BON_B16-53-1_1	78964054.0	3637262.0	7515130.0	9589951.0	4151866.0
BON_B16-57_1_2	32906939.0	1170092.0	3914954.0	2087161.0	848735.0
BON_B16-75-1_2	35163416.0	2076646.0	3954899.0	1994150.0	701988.0
BON_B16_30_1_1	68034161.0	2112697.0	7749349.0	4723618.0	2965790.0
BON_B16_80_1_1	50093765.0	1504943.0	5467206.0	4116990.0	1660878.0
BON_B17-23_1	96845043.0	6435145.0	12388301.0	6605263.0	2345864.0
BON_B17-28_1	110701049.0	3193454.0	10249677.0	10278782.0	1978913.0
BON_B18-24_1	32983378.0	1760243.0	4286082.0	2051171.0	591106.0
BON_B18-25_1	34002598.0	2028293.0	4702658.0	2145671.0	813358.0
BON_B18-54_1	35658806.0	3089932.0	4387248.0	2296048.0	899171.0
BON_UC219-1_1	20828215.0	1920069.0	2513886.0	1176032.0	1354245.0
BON_UC473_1	22627909.0	2115672.0	2637935.0	1356788.0	1484290.0
CLA_143BN_BB_2	60302628.0	2045136.0	6127571.0	7483140.0	4453467.0
CLA_179CI_GG_2	22814267.0	321026.0	2964724.0	2468360.0	944474.0
CLA_180CJ_DP_2	73897290.0	5848889.0	7231498.0	10723719.0	8623969.0
CLA_214DF_AB_2	29954177.0	3089917.0	3509506.0	1864325.0	589570.0
CLA_329FK_RR_2	26400574.0	2054147.0	3319338.0	1546652.0	482752.0
CLA_338FT_DM_2	24593314.0	1932925.0	3003456.0	1411636.0	505305.0
CLA_388HV_XX_1	6345858.0	448025.0	662044.0	688463.0	258528.0
CLA_62R_CaM_2	358676.0	11643.0	37401.0	20940.0	28157.0
CLA_62R_CaM_3	28726417.0	1533557.0	3550258.0	1879220.0	551417.0
CLA_79Z_CP_2	22593824.0	876385.0	2421650.0	2273458.0	837370.0
HK-006	100543370.0	2421097.0	9909064.0	5218659.0	896854.0
HK-010	82985340.0	2176519.0	8445737.0	4023707.0	785115.0
HK-015	85529375.0	1953914.0	9254831.0	4447694.0	878074.0
HK-022	93509098.0	2582121.0	9404868.0	4433416.0	893388.0
HK-025	104901344.0	5014741.0	11463632.0	5158460.0	1591315.0
HK-032	111749667.0	3188237.0	12167339.0	5623804.0	1299716.0
HK-035	107435024.0	2669804.0	11106330.0	5111827.0	954214.0
HK-047	87532900.0	2128727.0	9241190.0	4444904.0	861416.0
HK-061	68924152.0	1573541.0	7126547.0	3329540.0	609918.0
HK-070	43656324.0	1008343.0	4292874.0	2606221.0	606591.0
HK-071-001	132078327.0	2883978.0	12172572.0	8612692.0	1655835.0
HK-071-004	38383000.0	778936.0	3987669.0	2266193.0	488572.0
HK-073	104952960.0	2494746.0	10529181.0	5232598.0	964322.0
HK-075	97234832.0	2492644.0	10246133.0	4886068.0	1064727.0
HK-081	100848539.0	2286350.0	10461872.0	5225887.0	900488.0
HK-085	116027463.0	2321900.0	12366896.0	6123428.0	1454444.0
HK-087	102635538.0	2355832.0	10383759.0	5237913.0	1327850.0
HK-095	97424060.0	2673545.0	11699962.0	5062145.0	2477134.0
HK-100	114293846.0	4399609.0	10470251.0	6476638.0	1505059.0
HK-104	88865746.0	1845893.0	8843704.0	5035441.0	903829.0
HK-107	95540448.0	2721103.0	9712800.0	4645111.0	908769.0
HK-108	104099695.0	3273222.0	10385922.0	5207514.0	986939.0
HK-114	39671065.0	977780.0	3920298.0	2270954.0	464904.0
HK-115	103940277.0	2814872.0	11734700.0	5193134.0	1054148.0
HK-116	86373199.0	2114205.0	8815249.0	4353678.0	948778.0
HK-119	94517255.0	2014773.0	9815990.0	5069522.0	765328.0
HK-124	106990044.0	2630827.0	11185694.0	5380012.0	988318.0
HK-126	122001085.0	3323215.0	12748700.0	5755948.0	1107568.0
HK-127	94121550.0	2350085.0	9866863.0	4472134.0	863992.0
HK-131	90496028.0	2511191.0	9582352.0	4472151.0	824188.0
HK-133	33550795.0	662747.0	3706939.0	1891269.0	557519.0
HK-134	99745545.0	6190010.0	9040528.0	5112653.0	1107401.0
HK-139	61981645.0	1391333.0	6338530.0	2971717.0	591400.0
HK006_0016	36293091.0	1155252.0	3612964.0	2202356.0	359135.0
HK010_0026	78309193.0	2674179.0	7708933.0	4313022.0	763768.0
HK011_0029	41258134.0	702278.0	4426164.0	3781912.0	607260.0
HK018_0047_2	37534957.0	1990007.0	4404793.0	2695475.0	941365.0
HK024_0065	46750149.0	851662.0	4680112.0	4522685.0	650090.0
HK028_0073	43630749.0	727083.0	4328498.0	3048610.0	588740.0
HK044_0109	39572673.0	955313.0	3810206.0	2275497.0	538246.0
HK044_0110	51571781.0	1285995.0	5814116.0	5844118.0	669120.0
HK060-0154	46641880.0	982974.0	5490048.0	2806232.0	1954475.0
HK069-0177_2	36210527.0	899415.0	4304396.0	2046624.0	829207.0
HK072-001_2	54911070.0	1359230.0	6651683.0	3708335.0	1207565.0
HK085-001	73963507.0	2345940.0	8292850.0	4035335.0	898986.0
HK088-001_2	37055760.0	975709.0	4233574.0	1547525.0	837898.0
HK101-001	89062944.0	1642251.0	9737292.0	6654861.0	1449038.0
HK106-001	40561720.0	676991.0	4027886.0	3558119.0	621720.0
HK117_001	55361169.0	1376702.0	6031710.0	5637438.0	655182.0
ICCV_458_10CC06258_02	47413224.0	1805482.0	5644411.0	3315763.0	1515212.0
INMR_GB_408	35434149.0	2748868.0	4268306.0	2601728.0	685441.0
INMR_GI_456	34844818.0	1514506.0	4408123.0	2692350.0	857167.0
INMR_HW_389	82822729.0	6714627.0	10165327.0	6584100.0	1597971.0
INMR_HZ_401	90552089.0	4813290.0	11413777.0	6583108.0	1651907.0
INMR_IG_561	90221193.0	5820745.0	10938311.0	6783448.0	1517266.0
INMR_IK_581	78916529.0	8254911.0	9286583.0	7009598.0	1480387.0
INMR_IV_615	65037311.0	3714391.0	6663041.0	4704311.0	1059846.0
K1157-1-4	55144174.0	2140555.0	7187798.0	5017303.0	997590.0
LIA_EDW01_1	21978286.0	629576.0	2587384.0	1743336.0	602075.0
LIA_MAS02_2	65262867.0	3722673.0	8024953.0	6872031.0	2030826.0
LIA_TIS03_2	19287780.0	1781108.0	2304205.0	1517170.0	479305.0
MAN_0063_01_02	1357475.0	84922.0	157805.0	67316.0	87908.0
MAN_0063_01_03	215252.0	21531.0	26026.0	33477.0	57878.0
MAN_1001_01_M1_D1	61903555.0	1911177.0	7492393.0	3912517.0	997397.0
MAN_1438-01-M1	66949350.0	3019108.0	7799702.0	4804319.0	971547.0
MBEL028_001_3	28321774.0	634419.0	3455241.0	1345221.0	434830.0
MBEL028_002_1	30539969.0	577422.0	3825306.0	1546766.0	520316.0
MBRU030_2	27676588.0	850766.0	3365893.0	1262341.0	413870.0
MCOP008_001_2	31264025.0	747322.0	3795363.0	1706256.0	578208.0
MESP014_2	26728053.0	1467426.0	2399406.0	2564196.0	519835.0
MESP021_001_2	31673765.0	669443.0	4020406.0	1531679.0	586080.0
MESP039_2	44796927.0	1065439.0	5300765.0	2289030.0	902010.0
MGLA003_001_2	30804808.0	558856.0	3629797.0	1789479.0	574452.0
MMAD002_001_2	24582365.0	507809.0	3055141.0	1232449.0	563426.0
MTEH041_001_2	32341478.0	1247421.0	3706272.0	1539841.0	976992.0
MUN_FAM1_CTRL_01	37437542.0	2406731.0	4565833.0	2646034.0	767556.0
MUN_FAM1_CTRL_02	21495575.0	294709.0	2521800.0	1887455.0	532463.0
MUN_FAM1_CTRL_03	30665676.0	2230212.0	3670683.0	1753423.0	567732.0
MUN_FAM1_CTRL_04	30217877.0	329257.0	3704461.0	3955554.0	708015.0
MUN_FAM2_TOTALMDC1A1_02	40970000.0	4373804.0	4696513.0	2550874.0	885969.0
MUN_FAM2_TOTALMDC1A1_03	35330983.0	1472271.0	4224557.0	4194855.0	843375.0
MUN_FAM2_TOTALMDC1A1_04	9521218.0	1168436.0	1068859.0	506472.0	491531.0
MUN_FAM2_TOTALMDC1A1_05	34032348.0	1712762.0	4200918.0	2001261.0	580787.0
MUN_FAM3_PARTIALMDC1A1_01	109438474.0	7775616.0	12694771.0	6187333.0	1969273.0
MUN_FAM3_PARTIALMDC1A1_02	16477686.0	1185547.0	1915509.0	973562.0	458703.0
MUN_FAM3_PARTIALMDC1A1_03	29621198.0	3035063.0	3202818.0	1642750.0	781889.0
MUN_FAM3_PARTIALMDC1A1_05	9961964.0	320753.0	1246536.0	818710.0	712340.0
MUN_FAM4_ATYPICALMDC1A_01	34563765.0	1758841.0	3982731.0	2723269.0	706421.0
MUN_FAM4_ATYPICALMDC1A_01_R1	26987655.0	1962107.0	3185859.0	1464133.0	493911.0
MUN_FAM4_ATYPICALMDC1A_01_R2	91986493.0	4133087.0	10711464.0	8636963.0	1821910.0
MUN_FAM4_ATYPICALMDC1A_01_R3	34563765.0	1758841.0	3982731.0	2723269.0	706421.0
MUN_FAM5_SIBLINGMDC1A_01	26701227.0	1839466.0	3315711.0	1754368.0	1417509.0
MUN_FAM5_SIBLINGMDC1A_01_R1	26160724.0	1769022.0	3241419.0	1645747.0	593192.0
MUN_FAM5_SIBLINGMDC1A_01_R2	27037519.0	1774462.0	3337685.0	1503223.0	474240.0
MUN_FAM5_SIBLINGMDC1A_01_R3	26701227.0	1839466.0	3315711.0	1754368.0	1417509.0
M_0146-01-H1	52222215.0	4283811.0	5293747.0	6056721.0	2972639.0
NH11-441	39542261.0	2472033.0	3861619.0	2842844.0	488107.0
NH12-1413	41184945.0	2534448.0	3955171.0	3263379.0	483527.0
NH12-843_Fibroblasts	18772136.0	731760.0	1942967.0	1721016.0	313369.0
NH12-843_MyoD_Day5	36391389.0	2502592.0	3591881.0	3084181.0	1165161.0
OUN_HK018_0047	78719256.0	3115414.0	9666544.0	7232472.0	1400063.0
OUN_HK047_0116	72174920.0	1528479.0	9158072.0	5112773.0	1319196.0
OUN_HK079_001	69385504.0	1116605.0	8598028.0	5244649.0	944468.0
OUN_HK080_001	71849802.0	1609353.0	9233853.0	5825541.0	1406914.0
OUN_HK081_001	85450091.0	1665875.0	10376991.0	6398708.0	1470094.0
OUN_HK112_001	79218694.0	3277111.0	10048069.0	6195476.0	1288353.0
OUN_HK116_001	77484581.0	1758307.0	9787075.0	5315458.0	2282330.0
OUN_HK124_001	41259797.0	1480975.0	5310909.0	2765971.0	696189.0
OUN_HK137_001	70416372.0	2297582.0	8532766.0	4041480.0	1457359.0
RGP_248_3	43585442.0	1556972.0	5497802.0	3542697.0	1338210.0
RGP_273_3	51295774.0	1260062.0	6183262.0	3182634.0	812889.0
RGP_54_3_2	47745314.0	909031.0	6184345.0	3366527.0	1194135.0
RGP_552_3	42759582.0	1039181.0	5138047.0	3988392.0	2080250.0
RGP_554_3_2	55467073.0	6672184.0	5592298.0	9023452.0	1219673.0
RGP_558_3	56945841.0	7137901.0	5887856.0	11957868.0	1361799.0
RGP_56_3_3	33779620.0	658526.0	4020105.0	2695097.0	792609.0
RGP_7_1_2	36665280.0	825367.0	4265104.0	2128443.0	883580.0
RGP_7_2_2	36262259.0	1009297.0	4097218.0	1838687.0	838275.0
RGP_7_3_2	39120151.0	995098.0	4621289.0	2733624.0	824255.0
RGP_7_4_2	29503097.0	748676.0	3385270.0	2028399.0	3500675.0
RGP_7_5_2	36183722.0	931936.0	4408032.0	2042072.0	784131.0
RGP_800_3_2	18957886.0	401013.0	2529750.0	967917.0	576882.0
RGP_94_3_2	31155346.0	2849479.0	3572953.0	9209551.0	984102.0
RGP_94_4_2	30738352.0	3640808.0	3341946.0	8651652.0	1006772.0
SRPK3_EM__1	27345424.0	678666.0	3359973.0	1287746.0	469954.0
SRPK3_JAP_1	28271018.0	541845.0	3500234.0	1407136.0	451585.0
SRPK3_USA_1	64614059.0	2041078.0	8412257.0	3884955.0	2939653.0
SWE_36223_1	47729648.0	1856780.0	5301182.0	5804754.0	862141.0
SWE_36326_1	49593579.0	1928013.0	5749238.0	4128967.0	987263.0
T1244	26649343.0	2176811.0	2696101.0	2087200.0	634978.0
T238	34205089.0	1540654.0	3375587.0	2927906.0	811484.0
T757	23323184.0	2601688.0	2462491.0	1861413.0	756276.0
T850	25054164.0	2146957.0	2657434.0	1978299.0	682280.0
T892	25393278.0	1318797.0	2634337.0	2146654.0	762509.0
TOP_MAAC031_F_Muscle1	77047538.0	3449868.0	8568920.0	8424330.0	8478374.0
UC223-1RNA	27128507.0	1699890.0	2772033.0	2385699.0	1150570.0
UC305-1M	47424188.0	997017.0	4501976.0	5287493.0	2400686.0
UC316-1M	40410646.0	2400538.0	4072920.0	2698574.0	2091738.0
UC368-1M	53496684.0	2954821.0	5008036.0	5984352.0	2901105.0
UC393-1M	48982541.0	1411324.0	4682719.0	4736049.0	2455906.0
UC84-1RNA	21680664.0	709902.0	2279382.0	1806985.0	645728.0
UWA_FAM7_PT_D16-1243_2	66110794.0	2263984.0	7606279.0	7224097.0	2172246.0
VCGS_DLS_FAM1_1	60292197.0	1917580.0	5673466.0	3796304.0	894785.0
VCGS_FAM11_32_2	35449933.0	1940105.0	4092674.0	2730938.0	885086.0
VCGS_FAM12_36_2	40253114.0	1739096.0	4810805.0	5709937.0	984360.0
VCGS_FAM147_459_2	50583513.0	1085385.0	5798337.0	3159459.0	868838.0
VCGS_FAM148_462_2	60655593.0	2058521.0	6828384.0	3196978.0	749034.0
VCGS_FAM149_465_2	60857389.0	2123011.0	7026244.0	4165384.0	856831.0
VCGS_FAM150_468_2	63812679.0	1855200.0	7386796.0	3812918.0	906369.0
VCGS_FAM1_1_2	40966144.0	1597527.0	5266274.0	3355133.0	966305.0
VCGS_FAM22_69_2	45677592.0	2583352.0	5861678.0	3076638.0	1135869.0
VCGS_FAM26_81_2	33676573.0	2778469.0	4201885.0	2335691.0	823236.0
VCGS_FAM27_84_2	35626703.0	811244.0	3292894.0	2215937.0	754602.0
VCGS_FAM29_90	37371466.0	938961.0	3884327.0	3359162.0	710086.0
VCGS_FAM2_4_2	56953843.0	1533036.0	7319812.0	3614388.0	1893104.0
VCGS_FAM31_97_2	38664636.0	1432513.0	4013364.0	3886154.0	1005963.0
VCGS_FAM39_123	30564418.0	536343.0	3210021.0	2790298.0	540722.0
VCGS_FAM3_7_2	63327761.0	2437138.0	6682877.0	4056164.0	1266081.0
VCGS_FAM41_129_2	31531958.0	1404161.0	3968804.0	3404022.0	800788.0
VCGS_FAM42_132_2	36394283.0	901828.0	3429166.0	2385287.0	837629.0
VCGS_FAM49_153	41377722.0	840015.0	4848877.0	3262118.0	656662.0
VCGS_FAM4_13_2	39923758.0	2293235.0	5326484.0	3411514.0	988180.0
VCGS_FAM52_162_3	57108806.0	1413282.0	6200734.0	3879069.0	668569.0
VCGS_FAM58_181	38126390.0	842683.0	4211915.0	2611916.0	779650.0
VCGS_FAM61_190	47839077.0	1006471.0	5409318.0	3324892.0	652965.0
VCGS_FAM67_209	40633088.0	876833.0	4147034.0	2932023.0	644233.0
VCGS_FAM73_227_2	57166095.0	2112028.0	6902139.0	3700275.0	714875.0
VCGS_FAM84_260	30002265.0	623372.0	3530575.0	1917795.0	447760.0
VIL_17_097	46129900.0	1138841.0	6168914.0	3014648.0	810769.0
VIL_17_098	38009332.0	1373259.0	5061322.0	2193927.0	514899.0
VIL_17_099	47155995.0	1287365.0	6254600.0	2907043.0	772775.0
VIL_17_105	40889123.0	1054238.0	5102394.0	2347461.0	609168.0
VIL_17_106	51049830.0	1654326.0	6404439.0	2783171.0	586819.0
VIL_17_107	57010843.0	1638993.0	7545925.0	3505187.0	900765.0
VIL_17_110	41418455.0	1869300.0	5376817.0	2274040.0	563767.0
VIL_17_111	33236611.0	982154.0	4547737.0	1778322.0	445416.0
VIL_17_120	51198261.0	1615119.0	6341087.0	2806825.0	714030.0
VIL_17_121	56257214.0	1657510.0	7324966.0	3456174.0	771697.0
VIL_17_141	43335361.0	1445729.0	5702040.0	2470341.0	510419.0
VIL_17_150	65316574.0	1966233.0	8618571.0	4376981.0	962934.0
VIL_17_151	61366400.0	1525649.0	8089318.0	4182649.0	879377.0
VIL_17_152	59432887.0	1702763.0	7824170.0	3780345.0	634005.0
VIL_17_163	20916968.0	561170.0	2821751.0	1338316.0	310060.0
VIL_17_164	43771264.0	1194432.0	5729115.0	2813641.0	641952.0
VIL_18_045	52857938.0	1507131.0	6797360.0	3423716.0	842207.0
VIL_18_046	38475938.0	989978.0	5029811.0	2378586.0	602423.0
VIL_18_061	65600043.0	1429841.0	8707249.0	5329860.0	1283185.0
VIL_18_120	59829730.0	1261116.0	7875587.0	3884265.0	1128815.0
WAL_OTH2405f-Dec19	56275113.0	4716530.0	4849091.0	2967115.0	688550.0
WAL_OTH2405f-Feb20A	46249632.0	2980883.0	4280247.0	2894112.0	1388855.0
WAL_OTH2405f-Feb20C	53310243.0	3527601.0	5096786.0	2811977.0	1642158.0
WAL_OTH2406d-Dec19	48479382.0	3335036.0	4662869.0	2859089.0	637912.0
WAL_OTH2406d-Feb20A	49951618.0	3718290.0	4562751.0	2805592.0	1944203.0
WAL_OTH2406d-Feb20B	48480741.0	3302689.0	4743188.0	4588036.0	2293039.0
WAL_OTH2407d-Dec19	51587945.0	3759054.0	4825856.0	2707183.0	890624.0
WAL_OTH2407d-Feb20A	60001969.0	4031902.0	5371252.0	3858113.0	1892457.0
WAL_OTH2407d-Feb20B	66421565.0	4361623.0	5967657.0	4050327.0	2203064.0
WAL_OTH2419f-Dec19	51777157.0	3407889.0	5033320.0	2942858.0	762157.0
WAL_OTH2419f-Feb20A	54383535.0	3584561.0	4971884.0	2893636.0	1567078.0
WAL_OTH2419f-Feb20B	42810002.0	2728352.0	4060047.0	2554120.0	1569155.0
