Sample	total_reads	avg_input_read_length	uniquely_mapped	uniquely_mapped_percent	avg_mapped_read_length	num_splices	num_annotated_splices	num_GTAG_splices	num_GCAG_splices	num_ATAC_splices	num_noncanonical_splices	mismatch_rate	deletion_rate	deletion_length	insertion_rate	insertion_length	multimapped	multimapped_percent	multimapped_toomany	multimapped_toomany_percent	unmapped_mismatches_percent	unmapped_tooshort_percent	unmapped_other_percent	unmapped_mismatches	unmapped_tooshort	unmapped_other
1179-1	86633710.0	152.0	76969620.0	88.84	145.27	37919894.0	37918549.0	37494639.0	391372.0	21885.0	11998.0	0.81	0.01	1.49	0.0	1.38	6131195.0	7.08	12009.0	0.01	0.24	2.71	0.03	283561	3201880	35445
1211-1	182985118.0	152.0	149232351.0	81.55	145.62	67371318.0	67366901.0	66686574.0	621603.0	44443.0	18698.0	0.81	0.01	1.42	0.0	1.35	24140380.0	13.19	82139.0	0.04	0.28	4.0	0.24	590369	8433848	506031
1258-1	199256021.0	152.0	172635677.0	86.64	146.69	94940477.0	94937170.0	93937637.0	926248.0	50025.0	26567.0	0.76	0.01	1.45	0.0	1.37	18295653.0	9.18	56122.0	0.03	0.25	3.14	0.06	599172	7525596	143801
126BG_CB_M1	56400330.0	152.0	46728578.0	82.85	148.53	25122256.0	25121513.0	24865502.0	235375.0	13790.0	7589.0	1.08	0.01	1.38	0.0	1.37	6919862.0	12.27	40362.0	0.07	0.69	3.44	0.09	443354	2210345	57829
146BO_JB_M1	52002871.0	152.0	45201499.0	86.92	148.54	25761398.0	25761059.0	25531439.0	209279.0	13066.0	7614.0	1.08	0.01	1.38	0.0	1.47	4689201.0	9.02	20249.0	0.04	0.72	2.7	0.02	437844	1641916	12162
149BP_AB_M1	123214813.0	152.0	107326495.0	87.11	150.43	62515082.0	62513585.0	61822699.0	645188.0	29066.0	18129.0	0.45	0.01	1.35	0.0	1.39	12750153.0	10.35	107236.0	0.09	0.15	1.53	0.26	234350	2390372	406207
153BR_JB_M1	62068642.0	152.0	54141206.0	87.23	148.81	32553339.0	32552794.0	32222713.0	298480.0	22140.0	10006.0	0.99	0.01	1.39	0.0	1.37	5326818.0	8.58	22789.0	0.04	0.63	2.81	0.11	457474	2040479	79876
163BV_JE_M1	54207878.0	152.0	46883471.0	86.49	148.59	26253652.0	26253133.0	25979395.0	253825.0	12146.0	8286.0	1.05	0.01	1.41	0.0	1.41	5017228.0	9.26	20712.0	0.04	0.69	2.79	0.05	446930	1807151	32386
164BW_KC_M1	62303748.0	152.0	54435494.0	87.37	148.74	31675916.0	31675373.0	31355217.0	300377.0	12535.0	7787.0	1.02	0.01	1.33	0.0	1.41	5462368.0	8.77	14079.0	0.02	0.68	2.53	0.03	501984	1867676	22146
167BZ_SP_M1	63839314.0	152.0	56472442.0	88.46	149.57	29291476.0	29290662.0	28993512.0	275730.0	13751.0	8483.0	0.55	0.01	1.37	0.0	1.38	5699510.0	8.93	5689.0	0.01	0.2	1.7	0.03	172194	1463650	25829
193CP_LS	126132688.0	202.0	115553553.0	91.61	200.65	96372075.0	96371345.0	95207587.0	1067823.0	44938.0	51727.0	0.19	0.01	1.61	0.01	1.53	7679668.0	6.09	13260.0	0.01	0.01	0.33	0.08	68719	2267734	549754
204H_AM_M1	60547315.0	152.0	51910804.0	85.74	148.77	26031104.0	26030119.0	25729216.0	281417.0	12560.0	7911.0	1.04	0.01	1.38	0.0	1.36	6245442.0	10.31	11114.0	0.02	0.65	2.65	0.06	460408	1877048	42499
205E_BD_M1	59692537.0	152.0	51011384.0	85.46	148.62	28583274.0	28582718.0	28263744.0	298606.0	12966.0	7958.0	1.04	0.01	1.43	0.0	1.39	6005053.0	10.06	27376.0	0.05	0.69	3.03	0.12	475943	2090009	82773
210DB_BW_M1	50911737.0	152.0	44514445.0	87.43	148.18	22206225.0	22205299.0	22034324.0	159233.0	9843.0	2825.0	1.05	0.01	1.41	0.0	1.54	3933698.0	7.73	25373.0	0.05	0.74	3.28	0.1	437933	1941108	59180
227DJ_JP_M1	54364634.0	152.0	46783972.0	86.06	148.7	24365433.0	24364748.0	24118757.0	228022.0	12321.0	6333.0	1.04	0.01	1.37	0.0	1.39	5377334.0	9.89	13688.0	0.03	0.67	2.71	0.03	430223	1740154	19264
247DT_SH_M1	62138733.0	152.0	54368294.0	87.5	148.59	32098276.0	32097734.0	31745628.0	325537.0	17755.0	9356.0	1.03	0.01	1.43	0.0	1.43	5032623.0	8.1	12761.0	0.02	0.7	3.04	0.02	507324	2203236	14495
250DV_LR_M1	33925388.0	152.0	30941686.0	91.21	149.57	15213570.0	15213347.0	15068504.0	133106.0	8051.0	3909.0	0.29	0.01	1.44	0.0	1.4	2512791.0	7.41	3642.0	0.01	0.05	0.53	0.03	38301	405988	22980
251DW_SD_M1	31777825.0	152.0	29143704.0	91.71	149.67	14764828.0	14764613.0	14640408.0	112330.0	7802.0	4288.0	0.28	0.01	1.49	0.0	1.45	2223277.0	7.0	4096.0	0.01	0.05	0.42	0.03	40675	341668	24405
252DX_DC_M1	35756451.0	152.0	32597897.0	91.17	149.57	17847423.0	17847212.0	17658025.0	175664.0	8867.0	4867.0	0.3	0.01	1.47	0.0	1.41	2590445.0	7.24	3374.0	0.01	0.06	0.5	0.04	56473	470612	37649
253DY_HA_M1	30240585.0	152.0	27971616.0	92.5	149.67	13909215.0	13909011.0	13785231.0	110278.0	8898.0	4808.0	0.29	0.01	1.53	0.01	1.43	1867777.0	6.18	5079.0	0.02	0.06	0.46	0.05	41696	319670	34747
254DZ_WP_M1	68549593.0	152.0	62789929.0	91.6	150.08	34319254.0	34318301.0	33914853.0	378645.0	15363.0	10393.0	0.29	0.01	1.41	0.0	1.38	4711344.0	6.87	6733.0	0.01	0.06	0.65	0.03	84453	914908	42226
255EA_GC_M1	31247621.0	152.0	28709084.0	91.88	149.53	15050595.0	15050428.0	14907968.0	132103.0	7110.0	3414.0	0.28	0.01	1.56	0.0	1.41	2093782.0	6.7	3672.0	0.01	0.06	0.59	0.02	39500	388416	13167
26I_SK_M1	39521667.0	152.0	36228353.0	91.67	149.66	18984928.0	18984494.0	18784078.0	185229.0	9761.0	5860.0	0.3	0.01	1.44	0.0	1.4	2733474.0	6.92	3720.0	0.01	0.06	0.55	0.03	52136	477916	26068
361AL_CC_M1	59694051.0	152.0	51208696.0	85.79	148.54	27485810.0	27485054.0	27185414.0	274080.0	18676.0	7640.0	1.06	0.01	1.36	0.0	1.38	5862566.0	9.82	20319.0	0.03	0.72	3.02	0.05	494401	2073736	34333
373HQ_BTG_M1	94200335.0	152.0	85523268.0	90.79	149.05	40438136.0	40437396.0	40095151.0	299594.0	29069.0	14322.0	0.88	0.01	1.6	0.01	1.55	5678824.0	6.03	14890.0	0.02	0.45	2.24	0.03	493569	2456879	32905
37L_NA_M1	34815829.0	152.0	27626381.0	79.35	149.63	24933242.0	24933008.0	24668912.0	236783.0	19442.0	8105.0	0.37	0.0	1.41	0.0	1.49	6683515.0	19.2	68855.0	0.2	0.07	0.66	0.15	34768	327808	74502
41M_MW_M1	57702707.0	152.0	53242872.0	92.27	149.75	36973192.0	36972996.0	36621484.0	325124.0	18932.0	7652.0	0.3	0.01	1.32	0.0	1.43	3489156.0	6.05	2502.0	0.0	0.06	0.67	0.02	77454	864905	25818
431-1_A_3	45839708.0	202.0	41335282.0	90.17	199.53	36529153.0	36520564.0	36208753.0	252559.0	30945.0	36896.0	0.54	0.01	1.81	0.01	1.58	3623198.0	7.9	14448.0	0.03	0.15	0.49	0.55	109258	356909	400613
431-2_A_2	36933448.0	202.0	33734119.0	91.34	199.39	27839506.0	27839222.0	27582318.0	215362.0	26275.0	15551.0	0.54	0.01	1.73	0.01	1.56	2470917.0	6.69	14205.0	0.04	0.11	0.52	0.41	75541	357104	281562
432-3_A_2	38623295.0	202.0	35878473.0	92.89	199.63	31741533.0	31741319.0	31448562.0	245558.0	29516.0	17897.0	0.49	0.01	1.71	0.0	1.47	2115202.0	5.48	8702.0	0.02	0.12	0.6	0.08	93138	465688	62092
437-2_A_2	42200591.0	202.0	39456345.0	93.5	199.6	33291200.0	33290908.0	32998070.0	247923.0	31723.0	13484.0	0.52	0.01	1.63	0.0	1.49	2227955.0	5.28	11850.0	0.03	0.11	0.5	0.06	82819	376449	45174
437-3_A_2	41522194.0	202.0	38618513.0	93.01	199.57	32639629.0	32636470.0	32351536.0	245386.0	29597.0	13110.0	0.47	0.01	1.73	0.0	1.46	2270232.0	5.47	10286.0	0.02	0.19	0.48	0.12	149875	378631	94658
447-3_A_3	51850481.0	202.0	46869278.0	90.39	198.91	39404097.0	39402417.0	39042317.0	312617.0	34404.0	14759.0	0.4	0.01	1.99	0.01	1.5	4073737.0	7.86	12299.0	0.02	0.17	0.91	0.16	122725	656937	115505
46N_RL_M1	77285294.0	152.0	70622488.0	91.38	149.85	41268399.0	41267848.0	40801549.0	432166.0	23233.0	11451.0	0.31	0.01	1.56	0.0	1.43	5234448.0	6.77	7046.0	0.01	0.09	1.05	0.03	109332	1275536	36444
49O_NM_M1	315107488.0	152.0	285297873.0	90.54	149.78	166544464.0	166541046.0	164545493.0	1825654.0	125385.0	47932.0	0.27	0.01	1.5	0.0	1.4	25163661.0	7.99	71323.0	0.02	0.06	0.63	0.08	356465	3742880	475286
65T_CR_M1	66812590.0	152.0	60799065.0	91.0	150.08	31860283.0	31859783.0	31531844.0	300451.0	18655.0	9333.0	0.27	0.01	1.41	0.0	1.38	5012571.0	7.5	7654.0	0.01	0.07	0.69	0.03	88014	867566	37720
81AB_MM_M1	64204964.0	152.0	55705616.0	86.76	148.82	27953739.0	27952959.0	27633126.0	284609.0	27464.0	8540.0	1.04	0.01	1.39	0.0	1.37	6076856.0	9.46	22697.0	0.04	0.64	2.53	0.03	479959	1897338	22498
92AI_SM	49813550.0	202.0	44907021.0	90.15	200.05	33138319.0	33137135.0	32777391.0	330869.0	17519.0	12540.0	0.28	0.01	1.67	0.01	1.56	3334717.0	6.69	7741.0	0.02	0.13	0.44	0.3	233712	791024	539335
9C_DH_M1	72075991.0	152.0	65625171.0	91.05	150.08	32614334.0	32613890.0	32256477.0	317495.0	31551.0	8811.0	0.28	0.01	1.42	0.0	1.43	5392550.0	7.48	8374.0	0.01	0.07	0.73	0.03	88545	923403	37948
B09-24-1RNA_UNKNOWN	159214127.0	152.0	138419590.0	86.94	147.97	64855821.0	64853749.0	64194721.0	604396.0	38189.0	18515.0	1.29	0.01	1.48	0.0	1.42	11259588.0	7.07	24304.0	0.02	0.9	3.97	0.03	1746853	7705563	58228
B09-25-1RNA	30236759.0	152.0	27047585.0	89.45	149.26	13927979.0	13927719.0	13764737.0	153103.0	6368.0	3771.0	0.27	0.01	1.47	0.0	1.48	2212419.0	7.32	3474.0	0.01	0.03	1.02	0.03	27036	919210	27036
B09-40-1M	56932961.0	152.0	50098819.0	88.0	149.3	30492552.0	30492184.0	30203671.0	265764.0	15714.0	7403.0	0.6	0.01	1.47	0.0	1.43	5363933.0	9.42	28325.0	0.05	0.22	1.79	0.04	154739	1259011	28134
B10-02-1RNA	90288949.0	152.0	79810970.0	88.4	148.65	39830355.0	39829339.0	39414073.0	378979.0	23186.0	14117.0	0.71	0.01	1.45	0.0	1.45	6767030.0	7.49	17189.0	0.02	0.22	2.19	0.03	333044	3315301	45415
B11-11-1M	46759654.0	152.0	42867615.0	91.68	149.03	20800209.0	20800058.0	20572886.0	204404.0	18052.0	4867.0	0.66	0.01	1.41	0.0	1.4	2582598.0	5.52	4738.0	0.01	0.26	2.03	0.02	146850	1146557	11296
B11-25-1M	88144783.0	152.0	80126846.0	90.9	149.62	34477782.0	34477268.0	34089136.0	351104.0	25625.0	11917.0	0.51	0.01	1.65	0.01	1.43	5876240.0	6.67	10114.0	0.01	0.16	1.67	0.03	183362	1913841	34380
B11-48-1M	58381590.0	152.0	52437580.0	89.82	149.41	29121363.0	29120783.0	28835714.0	265091.0	13001.0	7557.0	0.63	0.01	1.4	0.0	1.37	4584227.0	7.85	3848.0	0.01	0.24	1.67	0.01	169492	1179381	7062
B12-21-1M	64650996.0	152.0	56824870.0	87.89	149.33	32619570.0	32618676.0	32287881.0	305690.0	17783.0	8216.0	0.62	0.01	1.44	0.0	1.37	6358644.0	9.84	18442.0	0.03	0.21	1.55	0.03	169999	1254755	24286
B12-30RNA	152447423.0	152.0	136828178.0	89.75	150.59	73456894.0	73456332.0	72817127.0	578222.0	39295.0	22250.0	0.3	0.01	1.47	0.0	1.48	7880647.0	5.17	17691.0	0.01	0.04	4.0	0.03	75881	7588115	56911
B13-07-1M	121236765.0	152.0	108123220.0	89.18	149.73	60576120.0	60574710.0	59889109.0	628637.0	43832.0	14542.0	0.52	0.01	1.42	0.0	1.41	10328830.0	8.52	14621.0	0.01	0.16	1.58	0.02	251827	2486789	31478
B13-07-1RNA	27819213.0	152.0	25198639.0	90.58	149.83	13145787.0	13145545.0	12990534.0	144601.0	7608.0	3044.0	0.2	0.01	1.47	0.0	1.41	1890875.0	6.8	2265.0	0.01	0.03	0.9	0.03	22732	681969	22732
B13-15RNA	41338413.0	152.0	37821183.0	91.49	149.21	17707661.0	17707357.0	17479932.0	210681.0	11573.0	5475.0	0.23	0.01	1.52	0.01	1.46	2282616.0	5.52	7060.0	0.02	0.03	1.09	0.04	31747	1153477	42329
B13-52-1M	54012818.0	152.0	49063154.0	90.84	149.24	23418993.0	23418569.0	23174504.0	219722.0	20250.0	4517.0	0.66	0.01	1.36	0.0	1.39	3687942.0	6.83	5161.0	0.01	0.24	1.62	0.03	159563	1077052	19945
B14-07RNA	37344647.0	152.0	34122273.0	91.37	150.67	17717147.0	17716633.0	17530775.0	170465.0	10539.0	5368.0	0.21	0.01	1.48	0.0	1.43	2474155.0	6.63	4659.0	0.01	0.02	0.37	0.04	34584	639807	69168
B14-117-1RNA-2	33286874.0	152.0	30064307.0	90.32	150.54	15195765.0	15195434.0	15041004.0	142119.0	8068.0	4574.0	0.2	0.01	1.47	0.0	1.45	2617167.0	7.86	3530.0	0.01	0.03	0.46	0.03	34723	532423	34723
B14-130-1M	61389142.0	152.0	54847930.0	89.34	149.49	30676169.0	30675542.0	30378258.0	267321.0	20679.0	9911.0	0.59	0.01	1.38	0.0	1.44	5163127.0	8.41	16390.0	0.03	0.22	1.56	0.02	166429	1180136	15130
B14-48-1RNA	26860728.0	152.0	24197998.0	90.09	150.1	11499797.0	11499501.0	11391677.0	96984.0	7314.0	3822.0	0.21	0.01	1.51	0.01	1.44	1946344.0	7.25	5468.0	0.02	0.03	0.64	0.04	30039	640827	40052
B14-70-1RNA	30951720.0	152.0	28359086.0	91.62	150.7	15186292.0	15186000.0	15026583.0	147488.0	8366.0	3855.0	0.2	0.01	1.49	0.0	1.41	2027428.0	6.55	3490.0	0.01	0.02	0.45	0.03	22469	505544	33703
B14-78-1-U	72962266.0	152.0	66278716.0	90.84	149.45	32961802.0	32961356.0	32658519.0	274550.0	19302.0	9431.0	0.61	0.01	1.42	0.0	1.51	5122832.0	7.02	6713.0	0.01	0.2	1.49	0.02	181755	1354075	18175
B15-15_1_1	150597359.0	202.0	140874261.0	93.54	200.02	101071161.0	101069958.0	100186629.0	807383.0	44709.0	32440.0	0.36	0.01	1.48	0.0	1.5	7273573.0	4.83	9663.0	0.01	0.11	0.98	0.05	235425	2097425	107011
B15-25_1_2	10550169.0	202.0	7948541.0	75.34	199.49	1164167.0	1164142.0	1150915.0	10520.0	2454.0	278.0	0.37	0.01	1.24	0.0	1.29	597671.0	5.67	608.0	0.01	0.15	18.56	0.01	16052	1986226	1070
B15-28_1_1	156324709.0	202.0	144973665.0	92.74	199.79	115956703.0	115955275.0	114927136.0	949191.0	51375.0	29001.0	0.4	0.01	1.44	0.0	1.54	8053193.0	5.15	8547.0	0.01	0.16	1.43	0.07	317041	2833557	138706
B16-47_1_2	27628704.0	202.0	24137698.0	87.36	199.54	3121761.0	3121742.0	3047659.0	70278.0	3480.0	344.0	0.35	0.01	1.11	0.0	1.22	1858349.0	6.73	437.0	0.0	0.1	5.41	0.0	29623	1602597	0
B16-48_1_1	119850294.0	202.0	110834725.0	92.48	199.51	79764083.0	79763397.0	78991813.0	690316.0	48734.0	33220.0	0.38	0.01	1.59	0.0	1.54	6719825.0	5.61	10916.0	0.01	0.14	1.07	0.06	251871	1925013	107945
BB0280_CH_AffF_2	33783811.0	202.0	32202546.0	95.32	200.61	27628016.0	27627828.0	27397555.0	209996.0	13252.0	7213.0	0.21	0.01	1.65	0.0	1.49	1277245.0	3.78	1312.0	0.0	0.04	0.36	0.04	27519	247670	27519
BEG_1025-1_T999	66262674.0	202.0	61372364.0	92.62	197.22	52636186.0	52635936.0	52032942.0	560253.0	24510.0	18481.0	0.2	0.0	1.61	0.0	1.49	3418376.0	5.16	3765.0	0.01	0.01	0.62	0.06	21278	1319224	127667
BEG_1078-1_T1071	88624696.0	202.0	82317620.0	92.88	197.24	69086960.0	69086560.0	68372783.0	668893.0	26151.0	19133.0	0.21	0.0	1.44	0.0	1.49	5136244.0	5.8	3731.0	0.0	0.01	0.15	0.05	55576	833644	277881
BEG_1111-1_T1105	64332032.0	202.0	59678879.0	92.77	200.58	54558620.0	54558247.0	53990999.0	510779.0	32399.0	24443.0	0.16	0.01	1.66	0.0	1.54	3499045.0	5.44	6062.0	0.01	0.01	0.31	0.06	30212	936564	181270
BEG_1230-1_T1227	40251847.0	202.0	37032275.0	92.0	197.24	31213412.0	31213124.0	30900187.0	287834.0	15586.0	9805.0	0.2	0.01	1.6	0.01	1.54	2329263.0	5.79	2112.0	0.01	0.01	0.69	0.04	12003	828184	48011
BEG_14-4_T65	59846545.0	202.0	54769204.0	91.52	197.08	48423032.0	48422680.0	47922525.0	466394.0	19945.0	14168.0	0.2	0.01	1.63	0.01	1.5	3398028.0	5.68	3269.0	0.01	0.01	0.43	0.08	32232	1385959	257853
BEG_1435-01_T1370	65318984.0	202.0	60539696.0	92.68	200.61	57491765.0	57491446.0	56815706.0	614277.0	23119.0	38663.0	0.17	0.01	1.65	0.0	1.56	3575722.0	5.47	3761.0	0.01	0.01	0.27	0.06	35288	952786	211730
BEG_1438-1_T1339	67473987.0	202.0	62656842.0	92.86	197.19	54428754.0	54428436.0	53842331.0	540737.0	26813.0	18873.0	0.21	0.01	1.58	0.0	1.49	3308593.0	4.9	2787.0	0.0	0.01	0.41	0.05	32038	1313540	160188
BEG_851-1_T840	75338044.0	202.0	68661957.0	91.14	197.14	45520208.0	45519962.0	45068165.0	407834.0	28646.0	15563.0	0.2	0.01	1.68	0.01	1.59	5204041.0	6.91	9604.0	0.01	0.01	0.97	0.13	13175	1277990	171277
BEG_887-1_T1240	71930904.0	202.0	64626281.0	89.84	197.36	54525444.0	54525090.0	54024318.0	445787.0	36429.0	18910.0	0.19	0.01	1.8	0.01	1.57	5861817.0	8.15	6930.0	0.01	0.01	1.22	0.06	11131	1357960	66785
BEG_916-1_T916	63006039.0	202.0	58423225.0	92.73	197.28	51879580.0	51879292.0	51267877.0	560311.0	34026.0	17366.0	0.18	0.0	1.67	0.0	1.48	3354905.0	5.32	4308.0	0.01	0.01	0.32	0.07	30590	978881	214130
BON_B09-27-1_1	30520299.0	202.0	27859314.0	91.28	197.48	20626895.0	20626694.0	20473320.0	140811.0	7863.0	4901.0	0.95	0.01	1.55	0.0	1.5	1501619.0	4.92	1876.0	0.01	0.72	2.02	0.06	297640	835046	24803
BON_B09-8_1	60903022.0	202.0	56517319.0	92.8	199.96	44634897.0	44634590.0	44144150.0	457533.0	22273.0	10941.0	0.49	0.01	1.77	0.0	1.52	3406847.0	5.59	3387.0	0.01	0.05	0.49	0.06	81289	796633	97547
BON_B12-33-2_1	30781001.0	202.0	28173088.0	91.53	197.6	17689320.0	17689176.0	17511331.0	164783.0	8285.0	4921.0	0.97	0.01	1.57	0.0	1.44	1453032.0	4.72	2419.0	0.01	0.74	2.14	0.09	287145	830393	34923
BON_B12-71_2	104178126.0	202.0	96106670.0	92.25	200.66	89045089.0	89043808.0	88261435.0	699914.0	59001.0	24739.0	0.22	0.01	1.73	0.01	1.61	6813417.0	6.54	10671.0	0.01	0.01	0.6	0.05	18900	1133971	94498
BON_B12-74-1_1	31049489.0	202.0	28369706.0	91.37	197.55	19972277.0	19972099.0	19798399.0	161420.0	7688.0	4770.0	0.95	0.01	1.53	0.0	1.45	1530806.0	4.93	1396.0	0.0	0.73	2.02	0.04	300263	830865	16453
BON_B12-76-1_2	41249922.0	202.0	37637394.0	91.24	198.65	25254544.0	25254317.0	25022291.0	206257.0	18283.0	7713.0	0.44	0.01	1.52	0.01	1.49	1913717.0	4.64	2581.0	0.01	0.45	3.13	0.05	210276	1462590	23364
BON_B13-55_1_2	101774809.0	202.0	93822039.0	92.19	199.81	66748463.0	66747877.0	66022264.0	631468.0	67774.0	26957.0	0.4	0.01	1.58	0.0	1.51	6118493.0	6.01	5953.0	0.01	0.17	1.06	0.06	240942	1502344	85038
BON_B14-163-1_2	32566840.0	202.0	30740584.0	94.39	199.42	21113354.0	21113123.0	20895113.0	203578.0	8585.0	6078.0	0.31	0.01	1.48	0.01	1.5	1451557.0	4.46	2143.0	0.01	0.08	0.48	0.06	48072	288430	36054
BON_B14-20_1	25157555.0	202.0	22714618.0	90.29	197.26	14371121.0	14370999.0	14236044.0	124023.0	7379.0	3675.0	1.03	0.01	1.52	0.0	1.45	1443424.0	5.74	1005.0	0.0	0.76	2.11	0.05	259886	721525	17098
BON_B14-51_1_2	52460776.0	202.0	49288542.0	93.95	199.81	42898389.0	42898219.0	42545883.0	309223.0	30592.0	12691.0	0.45	0.01	2.12	0.0	1.6	2552976.0	4.87	2798.0	0.01	0.09	0.49	0.05	88066	479469	48925
BON_B14-60-1_2	47483970.0	202.0	44623939.0	93.98	197.93	30566405.0	30566074.0	30284436.0	254299.0	19576.0	8094.0	0.43	0.01	1.55	0.01	1.5	2232894.0	4.7	3548.0	0.01	0.09	0.55	0.06	80176	489963	53450
BON_B14-71-2_1	29632388.0	202.0	27196978.0	91.78	197.46	16458037.0	16457758.0	16316249.0	125798.0	10985.0	5005.0	0.95	0.01	1.63	0.01	1.48	1325841.0	4.47	2849.0	0.01	0.71	1.96	0.05	288886	797489	20344
BON_B14-75-1_1	28750906.0	202.0	26226573.0	91.22	197.44	17999325.0	17999177.0	17868845.0	115262.0	10069.0	5149.0	0.94	0.01	1.84	0.01	1.53	1472328.0	5.12	3127.0	0.01	0.71	2.04	0.06	265019	761463	22396
BON_B15-118_1	42822622.0	202.0	40547339.0	94.69	199.59	28216564.0	28216328.0	27902177.0	294461.0	12243.0	7683.0	0.32	0.01	1.53	0.01	1.48	1919999.0	4.48	2370.0	0.01	0.06	0.32	0.06	48125	256665	48125
BON_B15-125_1_2	74687485.0	202.0	69659388.0	93.27	199.81	59493608.0	59493440.0	58923620.0	505598.0	42796.0	21594.0	0.42	0.01	2.12	0.0	1.48	3818459.0	5.11	5223.0	0.01	0.09	0.55	0.06	154853	946326	103236
BON_B15-26_1_1	51557695.0	202.0	49019979.0	95.08	199.95	41665791.0	41665639.0	41344221.0	281262.0	27353.0	12955.0	0.42	0.01	1.86	0.0	1.51	2027049.0	3.93	2986.0	0.01	0.08	0.45	0.06	68838	387214	51629
BON_B15-76-2_2	44799047.0	202.0	42258333.0	94.33	199.69	29725801.0	29725525.0	29449298.0	246675.0	21421.0	8407.0	0.31	0.01	1.59	0.01	1.5	1962679.0	4.38	3061.0	0.01	0.11	0.66	0.06	76201	457208	41564
BON_B15-95_CHX_1	78710329.0	202.0	73084079.0	92.85	200.06	56023485.0	56022905.0	55515635.0	450920.0	40605.0	16325.0	0.5	0.01	1.95	0.01	1.61	4989383.0	6.34	17120.0	0.02	0.02	0.21	0.08	39984	419829	159935
BON_B15-98_1_2	58806994.0	202.0	54660321.0	92.95	199.81	48144323.0	48144133.0	47771462.0	329688.0	29869.0	13304.0	0.42	0.01	1.9	0.0	1.62	3052951.0	5.19	2913.0	0.0	0.08	0.51	0.05	136351	869238	85219
BON_B16-19_1	29199306.0	202.0	25648886.0	87.84	197.49	18344052.0	18343876.0	18197149.0	136314.0	6569.0	4020.0	0.94	0.01	1.63	0.0	1.46	1653428.0	5.66	1714.0	0.01	0.77	4.74	0.07	261535	1609967	23776
BON_B16-22_1	27370014.0	202.0	25240456.0	92.22	198.02	19612620.0	19612418.0	19440221.0	160276.0	7533.0	4590.0	0.86	0.01	1.71	0.0	1.46	1229718.0	4.49	1913.0	0.01	0.59	1.56	0.1	235456	622563	39908
BON_B16-38	46393269.0	202.0	42245316.0	91.06	200.08	35204678.0	35204349.0	34854071.0	317632.0	14369.0	18606.0	0.19	0.01	1.52	0.0	1.59	2501567.0	5.39	3124.0	0.01	0.12	1.3	0.07	132343	1433719	77200
BON_B16-50_1_2	50429691.0	202.0	46251067.0	91.71	199.78	42717561.0	42717423.0	42406781.0	272869.0	26734.0	11177.0	0.46	0.01	2.03	0.0	1.66	3484822.0	6.91	6332.0	0.01	0.09	0.53	0.05	92347	543820	51304
BON_B16-53-1_1	102971937.0	202.0	90116446.0	87.52	199.15	31684706.0	31684155.0	31342568.0	315533.0	18211.0	8394.0	0.39	0.01	1.23	0.0	1.46	9589951.0	9.31	6252.0	0.01	0.18	2.22	0.04	240439	2965418	53431
BON_B16-57_1_2	40729688.0	202.0	37991985.0	93.28	199.61	32175087.0	32174980.0	31929608.0	213833.0	22131.0	9515.0	0.5	0.01	2.09	0.0	1.65	2087161.0	5.12	2514.0	0.01	0.1	0.63	0.05	83081	523407	41540
BON_B16-75-1_2	43598970.0	202.0	41194961.0	94.49	200.0	28855504.0	28855277.0	28577740.0	253386.0	16561.0	7817.0	0.29	0.01	1.58	0.01	1.45	1994150.0	4.57	2475.0	0.01	0.06	0.38	0.04	50923	322512	33949
BON_B16_30_1_1	85157785.0	202.0	77896207.0	91.47	199.15	62282610.0	62282255.0	61860856.0	391755.0	21037.0	8962.0	0.44	0.01	1.35	0.0	1.63	4723618.0	5.55	3412.0	0.0	0.19	1.83	0.06	231521	2229915	73112
BON_B16_80_1_1	62582178.0	202.0	57065914.0	91.19	199.39	35711235.0	35711049.0	35458947.0	231283.0	14787.0	6218.0	0.4	0.01	1.39	0.0	1.47	4116990.0	6.58	2207.0	0.0	0.15	0.93	0.05	185451	1149799	61817
BON_B17-23_1	125146307.0	202.0	115668489.0	92.43	200.62	83830766.0	83829622.0	82785360.0	975634.0	45260.0	24512.0	0.23	0.01	1.62	0.01	1.51	6605263.0	5.28	8251.0	0.01	0.02	0.94	0.07	55618	2614025	194661
BON_B17-28_1	136650150.0	202.0	124144180.0	90.85	200.22	121538868.0	121537638.0	120568428.0	854733.0	84153.0	31554.0	0.19	0.01	2.21	0.01	1.67	10278782.0	7.52	17254.0	0.01	0.01	0.56	0.05	35644	1996069	178220
BON_B18-23_CHX_1	69578158.0	202.0	65091525.0	93.55	200.13	51125853.0	51125187.0	50604453.0	467735.0	36811.0	16854.0	0.5	0.01	1.91	0.01	1.52	3885346.0	5.58	18054.0	0.03	0.02	0.2	0.08	38882	388822	155529
BON_B18-24_1	41943582.0	202.0	39029703.0	93.05	200.73	27688419.0	27688128.0	27377440.0	290493.0	12695.0	7791.0	0.22	0.01	1.63	0.01	1.46	2051171.0	4.89	2651.0	0.01	0.02	0.4	0.09	33728	674555	151775
BON_B18-25_1	44172117.0	202.0	40733549.0	92.22	200.66	27083580.0	27083266.0	26807586.0	245190.0	22684.0	8120.0	0.17	0.01	1.55	0.01	1.52	2145671.0	4.86	3345.0	0.01	0.01	0.54	0.06	21140	1141571	126841
BON_B18-54_1	47039976.0	202.0	43135986.0	91.7	200.52	27520348.0	27519973.0	27241127.0	258047.0	13154.0	8020.0	0.19	0.01	1.57	0.01	1.56	2296048.0	4.88	3875.0	0.01	0.02	0.46	0.06	59410	1366427	178230
BON_B18_65_CHX_1	37912087.0	202.0	34758826.0	91.68	200.53	27470050.0	27469552.0	27219045.0	223562.0	17968.0	9475.0	0.18	0.01	1.92	0.01	1.57	2786950.0	7.35	9513.0	0.03	0.02	0.22	0.1	20988	230869	104941
BON_B19-03_CHX_1	44163570.0	202.0	40981680.0	92.8	200.57	32734014.0	32733678.0	32438356.0	256206.0	27498.0	11954.0	0.17	0.01	1.81	0.01	1.66	2706729.0	6.13	7774.0	0.02	0.02	0.23	0.06	30154	346771	90462
BON_B19-45_CHX_1	69449646.0	202.0	65066470.0	93.69	200.17	48954235.0	48953003.0	48451788.0	441689.0	42419.0	18339.0	0.52	0.01	1.87	0.01	1.54	3841306.0	5.53	10867.0	0.02	0.04	0.2	0.07	68517	342583	119904
BON_B19-52_CHX_1	43080096.0	202.0	39760491.0	92.29	200.58	32835357.0	32835058.0	32503232.0	296223.0	24542.0	11360.0	0.15	0.01	1.94	0.01	1.58	2843893.0	6.6	8881.0	0.02	0.01	0.3	0.09	11671	350123	105037
BON_B19-54_CHX_1	69481782.0	202.0	64518789.0	92.86	200.17	50533317.0	50532857.0	49973652.0	508918.0	35307.0	15440.0	0.46	0.01	2.06	0.01	1.54	4466597.0	6.43	11541.0	0.02	0.02	0.21	0.05	34633	363641	86581
BON_B19-57_1	61575123.0	202.0	57430158.0	93.27	200.01	41362259.0	41361819.0	40895778.0	432574.0	22837.0	11070.0	0.51	0.0	1.62	0.0	1.47	3299852.0	5.36	3468.0	0.01	0.03	0.34	0.07	57385	650362	133898
BON_B19-59_CHX_1	72242163.0	202.0	67061246.0	92.83	200.13	50765664.0	50764852.0	50232078.0	475682.0	40265.0	17639.0	0.49	0.01	1.97	0.01	1.57	4640575.0	6.42	14741.0	0.02	0.04	0.18	0.07	72497	326235	126869
BON_B20_36_CHX_1	48436275.0	202.0	43294912.0	89.39	200.43	35684902.0	35684445.0	35341901.0	302167.0	27702.0	13132.0	0.17	0.01	1.88	0.01	1.62	3758372.0	7.76	6761.0	0.01	0.38	1.61	0.07	253868	1075597	46765
BON_UC219-1_1	27574680.0	202.0	25262170.0	91.61	197.19	17330897.0	17330748.0	17191029.0	127570.0	7590.0	4708.0	0.97	0.01	1.66	0.01	1.49	1176032.0	4.26	2078.0	0.01	0.77	2.29	0.06	279964	832621	21815
BON_UC473_1	29999777.0	202.0	27381516.0	91.27	197.22	17476430.0	17476272.0	17330151.0	132690.0	8718.0	4871.0	0.96	0.01	1.72	0.01	1.47	1356788.0	4.52	2504.0	0.01	0.76	2.33	0.06	303751	931237	23980
CLA_143BN_BB_2	79567266.0	152.0	68475335.0	86.06	148.79	36440839.0	36440519.0	36087340.0	325509.0	19410.0	8580.0	1.06	0.01	1.42	0.0	1.42	7483140.0	9.4	49089.0	0.06	0.65	3.0	0.06	623667	2878465	57569
CLA_179CI_GG_2	29165513.0	152.0	26100017.0	89.49	149.74	19703512.0	19703441.0	19587171.0	107352.0	6746.0	2243.0	0.35	0.01	1.42	0.0	1.41	2468360.0	8.46	71187.0	0.24	0.08	1.11	0.02	34773	482482	8693
CLA_180CJ_DP_2	104786137.0	152.0	86977677.0	83.0	148.2	33838022.0	33837286.0	33535412.0	266942.0	26172.0	9496.0	1.29	0.01	1.4	0.0	1.46	10723719.0	10.23	55118.0	0.05	0.78	5.11	0.02	927768	6078067	23789
CLA_214DF_AB_2	38933816.0	202.0	36553600.0	93.89	200.2	22708115.0	22707892.0	22506276.0	179970.0	14766.0	7103.0	0.27	0.01	1.55	0.01	1.52	1864325.0	4.79	5140.0	0.01	0.06	0.39	0.06	60088	390574	60088
CLA_329FK_RR_2	33781683.0	202.0	31774059.0	94.06	200.25	22620372.0	22620162.0	22418893.0	185654.0	10196.0	5629.0	0.27	0.01	1.52	0.01	1.42	1546652.0	4.58	1990.0	0.01	0.06	0.33	0.05	62588	344236	52157
CLA_338FT_DM_2	31488977.0	202.0	29529695.0	93.78	200.16	20039238.0	20039091.0	19863090.0	160068.0	10986.0	5094.0	0.25	0.01	1.55	0.01	1.49	1411636.0	4.48	2315.0	0.01	0.05	0.38	0.06	55646	422910	66775
CLA_388HV_XX_1	8313999.0	152.0	7455927.0	89.68	149.68	3385584.0	3385518.0	3358244.0	24736.0	1679.0	925.0	0.39	0.01	1.48	0.0	1.43	688463.0	8.28	1958.0	0.02	0.08	1.1	0.04	10994	151161	5497
CLA_62R_CaM_2	448750.0	152.0	407720.0	90.86	149.08	220412.0	220411.0	218985.0	1289.0	93.0	45.0	0.42	0.01	1.38	0.0	1.4	20940.0	4.67	211.0	0.05	0.16	3.6	0.01	844	18983	53
CLA_62R_CaM_3	36106592.0	202.0	33810232.0	93.64	200.14	24184581.0	24184367.0	23886725.0	281648.0	10778.0	5430.0	0.27	0.01	1.5	0.0	1.42	1879220.0	5.2	1779.0	0.0	0.06	0.42	0.05	47022	329154	39185
CLA_79Z_CP_2	28756623.0	152.0	25891859.0	90.04	149.83	14066281.0	14066164.0	13935600.0	120007.0	7221.0	3453.0	0.37	0.01	1.49	0.0	1.44	2273458.0	7.91	3433.0	0.01	0.09	1.05	0.02	45611	532126	10136
HK-006	119174945.0	202.0	112873531.0	94.71	201.02	101551340.0	101550584.0	100633142.0	805755.0	78874.0	33569.0	0.17	0.01	1.8	0.01	1.67	5218659.0	4.38	9121.0	0.01	0.01	0.2	0.06	39764	795284	238585
HK-010	98623203.0	202.0	93607596.0	94.91	201.02	82581261.0	82580772.0	81810909.0	667772.0	74198.0	28382.0	0.18	0.01	1.82	0.01	1.69	4023707.0	4.08	7351.0	0.01	0.01	0.23	0.06	32818	754821	196910
HK-015	102353522.0	202.0	96738120.0	94.51	200.92	87087479.0	87087008.0	86280034.0	698559.0	77969.0	30917.0	0.16	0.01	1.83	0.01	1.6	4447694.0	4.35	6279.0	0.01	0.01	0.22	0.05	41480	912551	207398
HK-022	111105129.0	202.0	105496087.0	94.95	201.01	90389565.0	90389121.0	89535144.0	729869.0	93807.0	30745.0	0.16	0.01	1.79	0.01	1.59	4433416.0	3.99	8454.0	0.01	0.01	0.2	0.06	43229	864572	259372
HK-025	128876946.0	202.0	121379717.0	94.18	200.83	98844421.0	98843764.0	97957690.0	770231.0	80854.0	35646.0	0.17	0.01	1.84	0.01	1.61	5158460.0	4.0	10832.0	0.01	0.01	0.42	0.06	47509	1995375	285054
HK-032	134588418.0	202.0	127105243.0	94.44	200.87	112022390.0	112021497.0	110946120.0	936289.0	98613.0	41368.0	0.17	0.01	1.82	0.01	1.57	5623804.0	4.18	10529.0	0.01	0.01	0.22	0.06	63753	1402570	382519
HK-035	127763452.0	202.0	121211158.0	94.87	201.06	105922307.0	105921720.0	104893343.0	888886.0	96834.0	43244.0	0.16	0.01	1.85	0.01	1.62	5111827.0	4.0	8311.0	0.01	0.01	0.18	0.07	55083	991493	385580
HK-047	104551268.0	202.0	98902817.0	94.6	200.94	88333948.0	88333419.0	87466340.0	741593.0	98171.0	27844.0	0.18	0.01	1.73	0.01	1.64	4444904.0	4.25	6927.0	0.01	0.01	0.18	0.07	46024	828429	322167
HK-061	81890145.0	202.0	77624240.0	94.79	201.05	69548466.0	69548033.0	68928033.0	533665.0	63849.0	22919.0	0.16	0.01	1.83	0.01	1.66	3329540.0	4.07	5425.0	0.01	0.01	0.17	0.06	38789	659416	232735
HK-070	52161601.0	202.0	48957541.0	93.86	200.48	45250185.0	45249984.0	44879981.0	316249.0	39060.0	14895.0	0.16	0.01	1.83	0.01	1.66	2606221.0	5.0	3188.0	0.01	0.01	0.2	0.05	22871	457424	114356
HK-071-001	158018584.0	202.0	147134877.0	93.11	200.95	139987180.0	139985994.0	138804036.0	1042654.0	100024.0	40466.0	0.16	0.01	1.81	0.01	1.72	8612692.0	5.45	17257.0	0.01	0.01	0.38	0.05	51222	1946427	256109
HK-071-004	45919323.0	202.0	43149605.0	93.97	200.64	38700195.0	38699953.0	38400160.0	258175.0	30483.0	11377.0	0.18	0.01	1.94	0.01	1.66	2266193.0	4.94	1783.0	0.0	0.01	0.26	0.05	15679	407665	78397
HK-073	124382135.0	202.0	117976887.0	94.85	200.93	104083812.0	104083079.0	103140931.0	810497.0	94280.0	38104.0	0.18	0.01	1.77	0.01	1.63	5232598.0	4.21	8560.0	0.01	0.01	0.22	0.06	40141	883103	240846
HK-075	116335357.0	202.0	109973609.0	94.53	200.89	96541600.0	96541099.0	95650153.0	770538.0	87441.0	33468.0	0.17	0.01	1.8	0.01	1.6	4886068.0	4.2	8718.0	0.01	0.01	0.21	0.06	52392	1100221	314349
HK-081	119954694.0	202.0	113596761.0	94.7	201.02	102893545.0	102892613.0	101978202.0	789079.0	91345.0	34919.0	0.16	0.01	1.76	0.01	1.63	5225887.0	4.36	7515.0	0.01	0.01	0.21	0.05	41649	874635	208246
HK-085	138647296.0	202.0	130716259.0	94.28	200.85	114198084.0	114197358.0	113137418.0	919786.0	102598.0	38282.0	0.17	0.01	1.8	0.01	1.58	6123428.0	4.42	8218.0	0.01	0.01	0.35	0.06	42843	1499492	257056
HK-087	122643342.0	202.0	115375129.0	94.07	200.87	102254084.0	102253509.0	101352843.0	766144.0	98820.0	36277.0	0.17	0.01	1.73	0.01	1.57	5237913.0	4.27	7498.0	0.01	0.01	0.3	0.06	54670	1640110	328022
HK-095	120040030.0	202.0	111797567.0	93.13	200.7	87782756.0	87782025.0	86879778.0	786615.0	79506.0	36857.0	0.16	0.01	1.71	0.01	1.67	5062145.0	4.22	7115.0	0.01	0.01	1.07	0.05	28081	3004714	140407
HK-100	138233048.0	202.0	129163706.0	93.44	200.87	110129218.0	110128390.0	109145245.0	828096.0	127259.0	28618.0	0.17	0.01	1.78	0.01	1.72	6476638.0	4.69	11576.0	0.01	0.01	0.26	0.06	78216	2033616	469296
HK-104	106047641.0	202.0	99555343.0	93.88	200.99	91883676.0	91883116.0	91054459.0	716839.0	84370.0	28008.0	0.17	0.01	1.78	0.01	1.63	5035441.0	4.75	8009.0	0.01	0.01	0.18	0.06	57954	1043171	347724
HK-107	113795950.0	202.0	107974351.0	94.88	200.96	94559428.0	94558735.0	93694455.0	751432.0	81578.0	31963.0	0.17	0.01	1.78	0.01	1.66	4645111.0	4.08	7788.0	0.01	0.01	0.18	0.07	44950	809100	314650
HK-108	124349413.0	202.0	117758839.0	94.7	200.99	104526499.0	104525865.0	103566461.0	830397.0	96476.0	33165.0	0.16	0.01	1.83	0.01	1.64	5207514.0	4.19	10624.0	0.01	0.01	0.18	0.07	52786	950148	369502
HK-114	47340522.0	202.0	44569143.0	94.15	200.68	40788309.0	40788142.0	40447338.0	288841.0	38761.0	13369.0	0.16	0.01	1.88	0.01	1.63	2270954.0	4.8	2680.0	0.01	0.01	0.25	0.05	16056	401407	80281
HK-115	125116867.0	202.0	118489849.0	94.7	200.97	103937839.0	103937262.0	102954012.0	850900.0	95777.0	37150.0	0.17	0.01	1.77	0.01	1.68	5193134.0	4.15	7242.0	0.01	0.01	0.2	0.07	50952	1019030	356660
HK-116	103095076.0	202.0	97302653.0	94.38	200.81	87114945.0	87114324.0	86313555.0	689273.0	82615.0	29502.0	0.17	0.01	1.81	0.01	1.6	4353678.0	4.22	8646.0	0.01	0.01	0.18	0.06	57204	1029671	343224
HK-119	112379863.0	202.0	106348018.0	94.63	201.08	99091716.0	99090989.0	98207676.0	765504.0	85396.0	33140.0	0.16	0.01	1.81	0.01	1.71	5069522.0	4.51	8275.0	0.01	0.01	0.19	0.06	36694	697189	220165
HK-124	127486863.0	202.0	120806565.0	94.76	201.03	108399018.0	108398281.0	107421458.0	854398.0	87422.0	35740.0	0.17	0.01	1.82	0.01	1.64	5380012.0	4.22	7315.0	0.01	0.01	0.21	0.07	44585	936289	312096
HK-126	145225149.0	202.0	138073000.0	95.08	200.98	120543091.0	120542505.0	119360203.0	1013246.0	126638.0	43004.0	0.17	0.01	1.78	0.01	1.58	5755948.0	3.96	13660.0	0.01	0.01	0.17	0.05	60110	1021878	300552
HK-127	111842198.0	202.0	106338498.0	95.08	200.99	93272892.0	93272199.0	92388023.0	763723.0	89394.0	31752.0	0.17	0.01	1.77	0.01	1.54	4472134.0	4.0	7858.0	0.01	0.01	0.19	0.07	37915	720387	265406
HK-131	108089581.0	202.0	102589571.0	94.91	201.03	88772552.0	88772048.0	87932480.0	734488.0	74042.0	31542.0	0.16	0.01	1.81	0.01	1.61	4472151.0	4.14	9196.0	0.01	0.01	0.2	0.07	36381	727616	254666
HK-133	40342088.0	202.0	37920481.0	94.0	200.38	34093310.0	34093210.0	33809678.0	243487.0	28930.0	11215.0	0.18	0.01	2.04	0.01	1.69	1891269.0	4.69	2021.0	0.01	0.01	0.29	0.05	15095	437748	75474
HK-134	121625184.0	202.0	114976083.0	94.53	200.92	87929627.0	87928859.0	87104643.0	687692.0	108934.0	28358.0	0.17	0.01	1.84	0.01	1.8	5112653.0	4.2	12392.0	0.01	0.01	0.27	0.06	44825	1210280	268951
HK-139	73471609.0	202.0	69711508.0	94.88	201.01	63416560.0	63416225.0	62851247.0	485667.0	59514.0	20132.0	0.17	0.01	1.88	0.01	1.71	2971717.0	4.04	4694.0	0.01	0.01	0.23	0.05	27024	621547	135119
HK006_0016	43720834.0	202.0	41061307.0	93.92	200.93	35849393.0	35849289.0	35545151.0	266967.0	27095.0	10180.0	0.17	0.01	1.85	0.01	1.57	2202356.0	5.04	3417.0	0.01	0.01	0.22	0.06	15647	344227	93880
HK010_0026	94076520.0	202.0	88692305.0	94.28	200.92	76260011.0	76259625.0	75589468.0	582079.0	59668.0	28796.0	0.2	0.01	1.85	0.01	1.6	4313022.0	4.58	9928.0	0.01	0.01	0.16	0.06	46142	738271	276852
HK011_0029	51124079.0	202.0	46386576.0	90.73	200.9	45216055.0	45215732.0	44868318.0	305217.0	29855.0	12665.0	0.16	0.01	1.82	0.01	1.64	3781912.0	7.4	3356.0	0.01	0.01	0.35	0.05	23225	812884	116126
HK018_0047_2	47483764.0	202.0	43929757.0	92.52	199.68	37592678.0	37592458.0	37294424.0	262397.0	23292.0	12565.0	0.43	0.01	1.59	0.01	1.65	2695475.0	5.68	4402.0	0.01	0.08	0.51	0.05	106766	680635	66729
HK024_0065	57721259.0	202.0	52281923.0	90.58	201.0	50441744.0	50441378.0	50062715.0	331914.0	32416.0	14699.0	0.15	0.0	1.79	0.01	1.71	4522685.0	7.84	4899.0	0.01	0.01	0.41	0.06	18995	778788	113969
HK028_0073	52686993.0	202.0	48686330.0	92.41	200.91	43998543.0	43998216.0	43622500.0	325734.0	37813.0	12496.0	0.16	0.01	1.93	0.01	1.61	3048610.0	5.79	3552.0	0.01	0.01	0.32	0.05	24961	798738	124803
HK044_0109	47634662.0	202.0	44338192.0	93.08	200.94	41019183.0	41018884.0	40705232.0	273507.0	28151.0	12293.0	0.15	0.01	1.78	0.01	1.56	2275497.0	4.78	3333.0	0.01	0.01	0.34	0.05	25441	864994	127205
HK044_0110	65245585.0	202.0	58671892.0	89.92	200.72	54167388.0	54167077.0	53726362.0	391353.0	34090.0	15583.0	0.19	0.0	1.81	0.01	1.52	5844118.0	8.96	11407.0	0.02	0.01	0.13	0.07	34198	444580	239389
HK060-0154	57489775.0	202.0	53114902.0	92.39	200.11	42248050.0	42247599.0	41711193.0	503162.0	21570.0	12125.0	0.17	0.01	1.58	0.0	1.51	2806232.0	4.88	2148.0	0.0	0.02	2.03	0.05	14919	1514277	37297
HK069-0177_2	44216519.0	202.0	41414338.0	93.66	200.52	38210250.0	38210105.0	37882868.0	303691.0	15225.0	8466.0	0.2	0.0	1.37	0.0	1.46	2046624.0	4.63	850.0	0.0	0.03	0.87	0.04	24086	698505	32115
HK072-001_2	67488767.0	202.0	62921983.0	93.23	200.36	54879975.0	54879587.0	54430152.0	407711.0	26091.0	16021.0	0.2	0.0	1.47	0.0	1.45	3708335.0	5.49	2180.0	0.0	0.04	0.92	0.03	34597	795725	25948
HK085-001	89977167.0	202.0	84602297.0	94.03	200.82	72332756.0	72332427.0	71599220.0	634463.0	59804.0	39269.0	0.21	0.01	1.76	0.01	1.51	4035335.0	4.48	6494.0	0.01	0.01	0.2	0.05	51271	1025416	256354
HK088-001_2	44306707.0	202.0	42265043.0	95.39	199.78	34630918.0	34630742.0	34268757.0	322656.0	29108.0	10397.0	0.31	0.01	1.61	0.01	1.49	1547525.0	3.49	3367.0	0.01	0.08	0.51	0.09	57738	368079	64955
HK101-001	109202606.0	202.0	100442487.0	91.98	200.65	95223564.0	95222965.0	94462962.0	668073.0	61161.0	31368.0	0.21	0.01	1.96	0.01	1.58	6654861.0	6.09	8686.0	0.01	0.01	0.39	0.05	46590	1817029	232952
HK106-001	49798725.0	202.0	45266597.0	90.9	200.87	44636343.0	44635948.0	44308104.0	278964.0	37551.0	11724.0	0.16	0.0	1.78	0.01	1.64	3558119.0	7.15	4171.0	0.01	0.01	0.4	0.05	21083	843337	105417
HK117_001	69165747.0	202.0	62769581.0	90.75	200.77	59044045.0	59043680.0	58592438.0	399259.0	34172.0	18176.0	0.19	0.01	1.9	0.01	1.54	5637438.0	8.15	10672.0	0.02	0.01	0.11	0.05	44003	484036	220016
ICCV_458_10CC06258_02	59235596.0	202.0	54863117.0	92.62	199.55	47690122.0	47689830.0	47286098.0	366190.0	25740.0	12094.0	0.35	0.01	1.79	0.0	1.51	3315763.0	5.6	2486.0	0.0	0.13	0.92	0.06	123468	873776	56985
INMR_GB_408	46203791.0	202.0	42451323.0	91.88	200.7	34332234.0	34331867.0	34014372.0	287994.0	18256.0	11612.0	0.16	0.01	1.67	0.01	1.56	2601728.0	5.63	6988.0	0.02	0.02	0.42	0.09	43160	906370	194222
INMR_GI_456	45065154.0	202.0	40767447.0	90.46	200.46	34460412.0	34460184.0	34100908.0	334751.0	15783.0	8970.0	0.16	0.01	1.59	0.0	1.51	2692350.0	5.97	3589.0	0.01	0.01	0.34	0.07	38137	1296669	266961
INMR_HW_389	108278527.0	202.0	99702683.0	92.08	200.57	70180501.0	70179779.0	69371628.0	744116.0	44853.0	19904.0	0.21	0.01	1.6	0.01	1.55	6584100.0	6.08	8785.0	0.01	0.02	0.4	0.08	79318	1586367	317273
INMR_HZ_401	115622079.0	202.0	106779156.0	92.35	200.71	84952281.0	84951483.0	83980814.0	891284.0	55449.0	24734.0	0.19	0.01	1.62	0.01	1.51	6583108.0	5.69	19282.0	0.02	0.01	0.4	0.12	42274	1690968	507290
INMR_IG_561	115869356.0	202.0	106980249.0	92.33	200.59	84447883.0	84447152.0	83481802.0	867847.0	63780.0	34454.0	0.21	0.01	1.54	0.01	1.51	6783448.0	5.85	11886.0	0.01	0.02	0.31	0.09	99703	1545404	448666
INMR_IK_581	105608663.0	202.0	96458023.0	91.34	200.63	70932640.0	70931785.0	70212063.0	653468.0	44759.0	22350.0	0.2	0.01	1.7	0.01	1.63	7009598.0	6.64	11702.0	0.01	0.02	0.35	0.06	99039	1733184	297117
INMR_IV_615	81830585.0	202.0	75414743.0	92.16	200.65	60747836.0	60747401.0	60213653.0	470754.0	46160.0	17269.0	0.19	0.01	1.66	0.01	1.65	4704311.0	5.75	6539.0	0.01	0.01	0.27	0.04	53281	1438587	213124
K1157-1-4	70360844.0	202.0	64472527.0	91.63	200.35	55360705.0	55360458.0	54954884.0	359187.0	34505.0	12129.0	0.27	0.01	1.53	0.0	1.59	5017303.0	7.13	6772.0	0.01	0.07	0.33	0.07	128717	606808	128717
LIA_EDW01_1	27443447.0	202.0	25195246.0	91.81	200.3	21805402.0	21805292.0	21619281.0	171688.0	9348.0	5085.0	0.22	0.01	1.61	0.0	1.44	1743336.0	6.35	1599.0	0.01	0.04	1.17	0.07	15727	460017	27522
LIA_MAS02_2	85022336.0	202.0	77010493.0	90.58	199.57	61029319.0	61028840.0	60477478.0	508636.0	27772.0	15433.0	0.27	0.01	1.57	0.0	1.49	6872031.0	8.08	10844.0	0.01	0.05	0.64	0.08	73310	938363	117295
LIA_TIS03_2	25267976.0	202.0	23373093.0	92.5	200.01	17803129.0	17802935.0	17660202.0	127953.0	9703.0	5271.0	0.23	0.01	1.54	0.01	1.52	1517170.0	6.0	2149.0	0.01	0.04	0.61	0.07	20865	318186	36513
MAN_0063_01_02	1738989.0	202.0	1600202.0	92.02	198.89	973004.0	973002.0	967881.0	4338.0	428.0	357.0	0.5	0.01	1.72	0.01	2.12	67316.0	3.87	199.0	0.01	0.22	3.34	0.02	4380	66494	398
MAN_0063_01_03	347731.0	202.0	262809.0	75.58	197.41	80737.0	80729.0	80223.0	436.0	39.0	39.0	0.58	0.01	1.62	0.01	1.77	33477.0	9.63	146.0	0.04	0.57	13.85	0.12	2011	48865	423
MAN_0694_01	31641424.0	202.0	17471925.0	55.22	200.67	14230024.0	14229797.0	14147649.0	74699.0	4763.0	2913.0	0.22	0.01	2.19	0.0	1.67	13464804.0	42.55	2866.0	0.01	0.02	1.89	0.08	7054	666561	28214
MAN_1001_01_M1_D1	76328849.0	202.0	71307125.0	93.42	200.79	66640322.0	66639978.0	66038537.0	554570.0	27448.0	19767.0	0.19	0.01	1.69	0.0	1.46	3912517.0	5.13	5028.0	0.01	0.01	0.59	0.08	16238	958038	129903
MAN_1438-01-M1	83716101.0	202.0	77768160.0	92.9	200.54	57427547.0	57426948.0	56833029.0	542400.0	32492.0	19626.0	0.18	0.01	1.62	0.01	1.59	4804319.0	5.74	4635.0	0.01	0.01	0.49	0.05	20709	1014734	103544
MBEL028_001_3	34068287.0	202.0	32411434.0	95.14	200.66	27820929.0	27820806.0	27568112.0	235094.0	11270.0	6453.0	0.2	0.01	1.53	0.0	1.43	1345221.0	3.95	729.0	0.0	0.04	0.43	0.03	24872	267377	18654
MBEL028_002_1	36870722.0	202.0	34942697.0	94.77	200.68	28616046.0	28615903.0	28301263.0	290000.0	17859.0	6924.0	0.2	0.01	1.48	0.0	1.45	1546766.0	4.2	1028.0	0.0	0.03	0.55	0.04	18398	337302	24531
MBRU030_2	33466380.0	202.0	31893247.0	95.3	200.63	28377755.0	28377606.0	28111579.0	245833.0	12393.0	7950.0	0.21	0.01	1.63	0.0	1.49	1262341.0	3.77	1252.0	0.0	0.03	0.4	0.04	19758	263438	26344
MCOP008_001_2	38018409.0	202.0	35806710.0	94.18	200.6	30373234.0	30373045.0	30043539.0	309839.0	12539.0	7317.0	0.21	0.01	1.39	0.0	1.45	1706256.0	4.49	807.0	0.0	0.03	0.57	0.05	23291	442527	38818
MESP014_2	33575428.0	202.0	30594885.0	91.12	200.15	24364757.0	24364630.0	24198290.0	141754.0	18207.0	6506.0	0.19	0.01	1.81	0.01	1.78	2564196.0	7.64	2856.0	0.01	0.03	0.52	0.04	21025	364433	28033
MESP021_001_2	38345852.0	202.0	36363614.0	94.83	200.6	30257524.0	30257413.0	29985298.0	251151.0	13353.0	7722.0	0.22	0.01	1.43	0.0	1.49	1531679.0	3.99	988.0	0.0	0.04	0.64	0.05	24634	394144	30793
MESP039_2	54151285.0	202.0	51163131.0	94.48	199.98	46036552.0	46036377.0	45574516.0	429298.0	19175.0	13563.0	0.41	0.01	1.55	0.0	1.45	2289030.0	4.23	1629.0	0.0	0.07	0.49	0.03	82754	579276	35466
MGLA003_001_2	37297622.0	202.0	34993461.0	93.82	200.58	31566402.0	31566281.0	31285454.0	262541.0	11635.0	6772.0	0.22	0.0	1.41	0.0	1.41	1789479.0	4.8	922.0	0.0	0.03	0.6	0.04	23004	460084	30672
MMAD002_001_2	29820581.0	202.0	28145315.0	94.38	199.82	25655305.0	25655095.0	25424625.0	211731.0	12356.0	6593.0	0.45	0.01	1.57	0.0	1.45	1232449.0	4.13	763.0	0.0	0.09	0.65	0.04	51006	368378	22669
MTEH041_001_2	39594754.0	202.0	37295171.0	94.19	200.16	27880420.0	27880235.0	27621788.0	236417.0	13407.0	8808.0	0.22	0.01	1.6	0.0	1.46	1539841.0	3.89	2017.0	0.01	0.04	1.46	0.04	19681	718363	19681
MUN_FAM1_CTRL_01	48351290.0	202.0	44410106.0	91.85	200.55	33504302.0	33503975.0	33095375.0	383056.0	15606.0	10265.0	0.19	0.01	1.59	0.01	1.49	2646034.0	5.47	2578.0	0.01	0.01	0.28	0.05	38017	1064471	190084
MUN_FAM1_CTRL_02	26790304.0	202.0	24312084.0	90.75	201.0	20825544.0	20825469.0	20604091.0	206537.0	8234.0	6682.0	0.19	0.0	1.47	0.0	1.49	1887455.0	7.05	5514.0	0.02	0.01	1.23	0.05	4537	558030	22684
MUN_FAM1_CTRL_03	39215304.0	202.0	36566571.0	93.25	200.86	27721232.0	27720975.0	27442144.0	249336.0	12738.0	17014.0	0.19	0.01	1.63	0.01	1.53	1753423.0	4.47	1650.0	0.0	0.01	0.57	0.07	13749	783671	96240
MUN_FAM1_CTRL_04	38899214.0	202.0	34251595.0	88.05	200.81	31410843.0	31410694.0	31078485.0	310871.0	14580.0	6907.0	0.21	0.01	1.48	0.0	1.46	3955554.0	10.17	9955.0	0.03	0.01	0.79	0.04	8120	641508	32481
MUN_FAM2_TOTALMDC1A1_02	53626751.0	202.0	50040317.0	93.31	200.77	32527917.0	32527581.0	32204182.0	295618.0	17395.0	10722.0	0.22	0.01	1.71	0.01	1.55	2550874.0	4.76	4346.0	0.01	0.02	0.79	0.06	23706	936390	71118
MUN_FAM2_TOTALMDC1A1_03	46214218.0	202.0	41027811.0	88.78	200.69	32827267.0	32827026.0	32517536.0	278633.0	17967.0	13131.0	0.2	0.01	1.67	0.01	1.56	4194855.0	9.08	12059.0	0.03	0.01	0.74	0.04	12399	917500	49595
MUN_FAM2_TOTALMDC1A1_04	12738163.0	202.0	11758513.0	92.31	200.7	6390920.0	6390807.0	6325315.0	58413.0	4715.0	2477.0	0.21	0.01	1.82	0.01	1.57	506472.0	3.98	1310.0	0.01	0.02	3.1	0.06	2968	459997	8903
MUN_FAM2_TOTALMDC1A1_05	42719378.0	202.0	39946028.0	93.51	200.91	29107119.0	29106906.0	28844363.0	241029.0	13652.0	8075.0	0.19	0.01	1.59	0.01	1.54	2001261.0	4.68	1936.0	0.0	0.01	0.6	0.06	11495	689689	68969
MUN_FAM3_PARTIALMDC1A1_01	138172974.0	202.0	129908861.0	94.02	200.79	95435220.0	95434430.0	94339745.0	1006423.0	53481.0	35571.0	0.18	0.01	1.61	0.01	1.52	6187333.0	4.48	8411.0	0.01	0.01	0.8	0.08	23240	1859208	185921
MUN_FAM3_PARTIALMDC1A1_02	21016322.0	202.0	19578742.0	93.16	200.76	14814548.0	14814423.0	14673777.0	128804.0	7132.0	4835.0	0.19	0.01	1.66	0.01	1.54	973562.0	4.63	1067.0	0.01	0.01	1.38	0.06	3193	440602	19157
MUN_FAM3_PARTIALMDC1A1_03	38478690.0	202.0	35859079.0	93.19	200.69	20242741.0	20242451.0	20002374.0	220091.0	12995.0	7281.0	0.19	0.01	1.89	0.01	1.53	1642750.0	4.27	3968.0	0.01	0.01	1.02	0.07	8844	902137	61911
MUN_FAM3_PARTIALMDC1A1_05	12972899.0	202.0	11529253.0	88.87	200.8	8784304.0	8784239.0	8697172.0	79338.0	5120.0	2674.0	0.2	0.0	1.53	0.0	1.49	818710.0	6.31	500.0	0.0	0.03	4.34	0.05	4238	613134	7064
MUN_FAM4_ATYPICALMDC1A_01_R1	34328325.0	202.0	32135621.0	93.61	200.77	23395711.0	23395470.0	23186941.0	190054.0	11335.0	7381.0	0.19	0.01	1.7	0.01	1.59	1464133.0	4.27	2468.0	0.01	0.01	0.52	0.08	11903	618973	95227
MUN_FAM4_ATYPICALMDC1A_01_R2	117366126.0	202.0	106831044.0	91.02	200.67	84798475.0	84797752.0	83926922.0	783783.0	53009.0	34761.0	0.17	0.01	1.64	0.01	1.57	8636963.0	7.36	29880.0	0.03	0.01	0.73	0.06	23353	1704768	140118
MUN_FAM4_ATYPICALMDC1A_01_R3	43907967.0	202.0	40305337.0	91.8	200.78	31747073.0	31746845.0	31457698.0	260013.0	18233.0	11129.0	0.19	0.01	1.68	0.01	1.57	2723269.0	6.2	4859.0	0.01	0.01	0.71	0.05	11357	806359	56786
MUN_FAM5_SIBLINGMDC1A_01_R1	33568363.0	202.0	31171165.0	92.86	200.57	24159449.0	24159219.0	23925969.0	213843.0	12878.0	6759.0	0.2	0.01	1.67	0.01	1.56	1645747.0	4.9	2419.0	0.01	0.02	0.61	0.06	21711	662188	65133
MUN_FAM5_SIBLINGMDC1A_01_R2	34314732.0	202.0	32149666.0	93.69	200.82	24772713.0	24772499.0	24525106.0	230052.0	10688.0	6867.0	0.19	0.01	1.64	0.01	1.55	1503223.0	4.38	2244.0	0.01	0.01	0.48	0.06	11993	575650	71956
MUN_FAM5_SIBLINGMDC1A_01_R3	35157958.0	202.0	31856404.0	90.61	200.83	24335721.0	24335505.0	24106833.0	210332.0	11325.0	7231.0	0.18	0.01	1.64	0.01	1.55	1754368.0	4.99	2955.0	0.01	0.02	3.15	0.06	9562	1505984	28685
M_0146-01-H1	70192028.0	152.0	61799773.0	88.04	148.94	25653668.0	25652613.0	25380658.0	244838.0	20882.0	7290.0	1.17	0.01	1.41	0.0	1.44	6056721.0	8.63	8804.0	0.01	0.55	2.06	0.02	486579	1822458	17694
NH11-441	49341793.0	152.0	45875913.0	92.98	151.0	24802826.0	24802429.0	24560929.0	221222.0	13717.0	6958.0	0.18	0.01	1.48	0.0	1.46	2842844.0	5.76	4421.0	0.01	0.02	0.37	0.03	29458	544970	44187
NH12-1413	51543002.0	152.0	47674564.0	92.49	151.02	26316702.0	26316287.0	26047485.0	241540.0	20493.0	7184.0	0.19	0.01	1.48	0.0	1.45	3263379.0	6.33	6511.0	0.01	0.02	0.35	0.04	29197	510956	58395
NH12-843_Fibroblasts	23353004.0	202.0	21446863.0	91.84	200.11	18381261.0	18381193.0	18246096.0	118147.0	12417.0	4601.0	0.2	0.01	1.7	0.01	1.55	1721016.0	7.37	1697.0	0.01	0.03	0.29	0.04	15286	147761	20381
NH12-843_MyoD_Day5	46398099.0	202.0	42485862.0	91.57	200.0	33458037.0	33457786.0	33157441.0	262697.0	28308.0	9591.0	0.22	0.01	1.77	0.01	1.53	3084181.0	6.65	7621.0	0.02	0.08	1.39	0.07	42620	740522	37292
OUN_HK018_0047	100751945.0	202.0	91501214.0	90.82	200.72	81224951.0	81224322.0	80441408.0	701244.0	51657.0	30642.0	0.21	0.01	1.66	0.01	1.61	7232472.0	7.18	7935.0	0.01	0.01	0.45	0.05	39418	1773815	197091
OUN_HK047_0116	89734328.0	202.0	82861471.0	92.34	200.69	72199855.0	72199550.0	71352530.0	791862.0	30752.0	24711.0	0.24	0.0	1.45	0.0	1.47	5112773.0	5.7	6410.0	0.01	0.01	0.52	0.05	30236	1572259	151179
OUN_HK079_001	85532501.0	202.0	79100137.0	92.48	200.94	68302428.0	68302037.0	67503487.0	744597.0	31967.0	22377.0	0.2	0.0	1.53	0.0	1.49	5244649.0	6.13	2639.0	0.0	0.01	0.51	0.05	20791	1060331	103954
OUN_HK080_001	90577110.0	202.0	82693008.0	91.3	200.61	73372441.0	73372003.0	72616680.0	700642.0	33794.0	21325.0	0.22	0.01	1.55	0.0	1.52	5825541.0	6.43	4791.0	0.01	0.01	0.4	0.05	44647	1785887	223236
OUN_HK081_001	105776439.0	202.0	97492957.0	92.17	200.79	87398811.0	87398293.0	86484071.0	849504.0	37992.0	27244.0	0.21	0.0	1.48	0.0	1.44	6398708.0	6.05	5127.0	0.0	0.01	0.58	0.05	29369	1703430	146847
OUN_HK112_001	100631774.0	202.0	92543874.0	91.96	200.77	82318636.0	82317922.0	81490796.0	756722.0	42895.0	28223.0	0.22	0.01	1.65	0.01	1.51	6195476.0	6.16	12771.0	0.01	0.01	0.42	0.06	38360	1611131	230162
OUN_HK116_001	96812448.0	202.0	89029963.0	91.96	200.09	75332422.0	75331922.0	74495691.0	777891.0	34858.0	23982.0	0.23	0.01	1.74	0.01	1.5	5315458.0	5.49	4149.0	0.0	0.01	0.86	0.05	26770	2302256	133852
OUN_HK124_001	52114834.0	202.0	48051681.0	92.2	200.89	42924222.0	42923915.0	42467671.0	420112.0	24104.0	12335.0	0.15	0.01	1.81	0.01	1.51	2765971.0	5.31	2091.0	0.0	0.01	0.35	0.06	30836	1079242	185013
OUN_HK137_001	87264270.0	202.0	81246720.0	93.1	200.7	68276541.0	68276132.0	67575947.0	639799.0	33878.0	26917.0	0.22	0.01	1.65	0.01	1.54	4041480.0	4.63	4147.0	0.0	0.01	0.76	0.08	23199	1763131	185593
RGP_1214_3_M1	54370651.0	202.0	50700498.0	93.25	201.04	47823395.0	47823190.0	47388849.0	404997.0	18829.0	10720.0	0.15	0.0	1.56	0.0	1.57	2735074.0	5.03	2531.0	0.0	0.01	0.63	0.07	13134	827472	91941
RGP_248_3	55555643.0	202.0	50640216.0	91.15	200.64	32197033.0	32196814.0	31810366.0	351714.0	26153.0	8800.0	0.2	0.01	1.5	0.01	1.53	3542697.0	6.38	2696.0	0.0	0.01	1.34	0.04	9856	1320752	39425
RGP_273_3	63123218.0	202.0	58739098.0	93.05	200.83	52424549.0	52424288.0	51861132.0	509830.0	37913.0	15674.0	0.18	0.0	1.78	0.0	1.55	3182634.0	5.04	2552.0	0.0	0.01	0.46	0.06	22621	1040584	135728
RGP_54_3_2	59214445.0	202.0	54838690.0	92.61	199.9	49905533.0	49905342.0	49381736.0	489219.0	21529.0	13049.0	0.43	0.01	1.65	0.0	1.41	3366527.0	5.69	3906.0	0.01	0.1	0.66	0.06	122600	809162	73560
RGP_552_3	54799687.0	202.0	48936810.0	89.3	200.49	35155509.0	35155247.0	34787163.0	342077.0	15725.0	10544.0	0.2	0.01	1.53	0.01	1.56	3988392.0	7.28	6220.0	0.01	0.39	2.27	0.05	268865	1564930	34470
RGP_554_3_2	78033723.0	202.0	67731555.0	86.8	200.39	45597277.0	45595913.0	45192747.0	352341.0	31906.0	20283.0	0.28	0.01	1.81	0.01	1.55	9023452.0	11.56	12641.0	0.02	0.02	0.36	0.09	53876	969760	242440
RGP_558_3	83049892.0	202.0	69971598.0	84.25	200.45	48581948.0	48580764.0	48108158.0	410207.0	38526.0	25057.0	0.28	0.01	1.99	0.01	1.57	11957868.0	14.4	10006.0	0.01	0.02	0.52	0.12	33649	874876	201895
RGP_56_3_3	41766856.0	202.0	38458251.0	92.08	199.89	31657039.0	31656673.0	31371827.0	262440.0	14074.0	8698.0	0.42	0.01	1.43	0.0	1.49	2695097.0	6.45	4349.0	0.01	0.08	0.58	0.06	67684	490711	50763
RGP_673_3	28232007.0	202.0	22189092.0	78.6	200.19	15780604.0	15780320.0	15666779.0	99559.0	9175.0	5091.0	0.24	0.01	1.82	0.01	1.62	5635692.0	19.96	5146.0	0.02	0.02	0.81	0.08	8837	357893	35347
RGP_677_3	22379004.0	202.0	19260883.0	86.07	200.11	12093740.0	12093481.0	12003149.0	76999.0	8535.0	5057.0	0.24	0.01	1.89	0.01	1.6	2779492.0	12.42	5548.0	0.02	0.02	0.82	0.09	7163	293684	32234
RGP_677_4	30630906.0	202.0	24174998.0	78.92	200.3	15472518.0	15472121.0	15356770.0	98070.0	10338.0	7340.0	0.28	0.01	1.88	0.01	1.6	5989899.0	19.56	13708.0	0.04	0.03	0.95	0.09	12681	401576	38044
RGP_7_1_2	44590058.0	202.0	41755751.0	93.64	199.7	38439859.0	38439764.0	38156550.0	242288.0	29252.0	11769.0	0.49	0.01	1.73	0.0	1.65	2128443.0	4.77	2413.0	0.01	0.1	0.61	0.04	93793	572140	37517
RGP_7_2_2	43859201.0	202.0	41368774.0	94.32	199.74	37344505.0	37344403.0	37063812.0	239456.0	30021.0	11216.0	0.48	0.01	1.94	0.0	1.63	1838687.0	4.19	4201.0	0.01	0.1	0.56	0.04	92506	518031	37002
RGP_7_3_2	48141195.0	202.0	44736538.0	92.93	199.94	40611545.0	40611354.0	40303416.0	264536.0	30041.0	13552.0	0.44	0.01	1.87	0.0	1.56	2733624.0	5.68	3411.0	0.01	0.08	0.47	0.04	90525	531834	45263
RGP_7_4_2	38726349.0	202.0	33637043.0	86.86	198.4	30904637.0	30904551.0	30687731.0	184943.0	22469.0	9494.0	0.57	0.01	1.92	0.0	1.66	2028399.0	5.24	3802.0	0.01	0.72	6.45	0.04	305286	2734858	16960
RGP_7_5_2	44177458.0	202.0	41523690.0	93.99	199.89	38321864.0	38321753.0	38019888.0	259473.0	30790.0	11713.0	0.43	0.01	1.85	0.0	1.58	2042072.0	4.62	3105.0	0.01	0.09	0.5	0.04	86942	483009	38641
RGP_800_3_2	23355344.0	202.0	21888649.0	93.72	200.61	19975779.0	19975591.0	19818769.0	143627.0	8214.0	5169.0	0.3	0.0	1.47	0.0	1.54	967917.0	4.14	673.0	0.0	0.03	1.78	0.04	8077	479258	10770
RGP_800_3_3	148051492.0	202.0	137108848.0	92.61	200.68	115803710.0	115802856.0	114591227.0	1123560.0	52879.0	36044.0	0.19	0.01	1.49	0.0	1.52	8470981.0	5.72	8523.0	0.01	0.01	0.32	0.07	61578	1970512	431050
RGP_94_3_2	47781577.0	202.0	37577778.0	78.64	200.68	26272750.0	26272207.0	26060654.0	181525.0	19000.0	11571.0	0.29	0.01	1.82	0.01	1.57	9209551.0	19.27	10671.0	0.02	0.02	0.98	0.11	17722	868383	97472
RGP_94_4_2	47353489.0	202.0	37721106.0	79.66	200.57	24480593.0	24480031.0	24274794.0	176569.0	16467.0	12763.0	0.3	0.01	1.81	0.01	1.58	8651652.0	18.27	10394.0	0.02	0.03	0.84	0.09	30323	849045	90969
SRPK3_EM__1	33020520.0	202.0	31384063.0	95.04	200.63	27271125.0	27270998.0	26990170.0	261721.0	11113.0	8121.0	0.22	0.01	1.66	0.0	1.42	1287746.0	3.9	568.0	0.0	0.04	0.54	0.04	22461	303221	22461
SRPK3_JAP_1	34050865.0	202.0	32313097.0	94.9	200.63	28349124.0	28349047.0	28092405.0	237269.0	13135.0	6315.0	0.22	0.01	1.55	0.0	1.42	1407136.0	4.13	668.0	0.0	0.03	0.43	0.05	19410	278205	32349
SRPK3_USA_1	81186001.0	202.0	75067394.0	92.46	199.9	53530213.0	53530013.0	53100681.0	388836.0	26411.0	14285.0	0.35	0.01	1.5	0.0	1.47	3884955.0	4.79	3923.0	0.0	0.26	2.14	0.08	233762	1924040	71927
SWE_36223_1	61402107.0	202.0	54887610.0	89.39	200.38	46980766.0	46980618.0	46608432.0	322318.0	37127.0	12889.0	0.26	0.01	1.73	0.01	1.6	5804754.0	9.45	8044.0	0.01	0.07	0.29	0.05	119802	496324	85573
SWE_36326_1	62317527.0	202.0	57270830.0	91.9	200.24	47310832.0	47310641.0	46936681.0	318165.0	42371.0	13615.0	0.27	0.01	1.86	0.01	1.52	4128967.0	6.63	5054.0	0.01	0.08	0.37	0.05	146028	675380	91268
T1244	34119049.0	152.0	31522255.0	92.39	149.65	15839191.0	15838960.0	15695348.0	128516.0	10337.0	4990.0	0.27	0.01	1.51	0.0	1.49	2087200.0	6.12	4720.0	0.01	0.05	0.5	0.04	42786	427859	34229
T238	42647488.0	152.0	39121330.0	91.73	149.69	22010582.0	22010022.0	21773431.0	219998.0	11876.0	5277.0	0.3	0.01	1.44	0.0	1.38	2927906.0	6.87	3447.0	0.01	0.06	0.56	0.03	54905	512447	27453
T757	30783860.0	152.0	28387363.0	92.22	149.26	9666684.0	9666485.0	9563961.0	91205.0	7684.0	3834.0	0.32	0.01	1.57	0.01	1.47	1861413.0	6.05	8112.0	0.03	0.07	0.63	0.06	48537	436832	41603
T850	32349974.0	152.0	29858555.0	92.3	149.5	15599560.0	15599328.0	15440844.0	143367.0	10492.0	4857.0	0.31	0.01	1.47	0.01	1.46	1978299.0	6.12	4144.0	0.01	0.06	0.61	0.04	43012	437289	28675
T892	32042793.0	152.0	29346412.0	91.59	149.29	14107681.0	14107570.0	13972789.0	121664.0	9567.0	3661.0	0.3	0.01	1.65	0.01	1.45	2146654.0	6.7	7840.0	0.02	0.07	0.62	0.04	51962	460233	29692
TOP_MAAC031_F_Muscle1	102626654.0	152.0	89066326.0	86.79	145.19	45255476.0	45254981.0	44878760.0	345624.0	19505.0	11587.0	0.51	0.01	1.35	0.0	1.42	8424330.0	8.21	80151.0	0.08	0.17	3.16	0.03	255802	4754904	45141
UC223-1RNA	34918759.0	152.0	31600430.0	90.5	149.61	14917813.0	14917223.0	14762190.0	143971.0	7686.0	3966.0	0.23	0.01	1.44	0.0	1.39	2385699.0	6.83	3360.0	0.01	0.03	1.04	0.03	25344	878583	25344
UC305-1M	59671416.0	152.0	52923181.0	88.69	149.31	28758161.0	28757353.0	28469627.0	265992.0	14378.0	8164.0	0.62	0.01	1.43	0.0	1.42	5287493.0	8.86	7240.0	0.01	0.23	1.7	0.01	172322	1273687	7492
UC316-1M	50773808.0	152.0	46884104.0	92.34	149.15	21992634.0	21992335.0	21761797.0	212340.0	13218.0	5279.0	0.65	0.01	1.41	0.0	1.47	2698574.0	5.31	4230.0	0.01	0.24	1.63	0.02	150717	1023623	12560
UC368-1M	69260381.0	152.0	61459541.0	88.74	149.39	30220167.0	30217940.0	29939537.0	259370.0	13696.0	7564.0	0.62	0.01	1.4	0.0	1.45	5984352.0	8.64	9127.0	0.01	0.25	1.88	0.05	207266	1558642	41453
UC393-1M	61282497.0	152.0	55076584.0	89.87	149.32	29756601.0	29756256.0	29436020.0	290814.0	20892.0	8875.0	0.6	0.01	1.48	0.0	1.53	4736049.0	7.73	13826.0	0.02	0.23	1.71	0.02	170862	1270319	14858
UC84-1RNA	27190217.0	152.0	24669948.0	90.73	150.22	13832978.0	13832782.0	13687995.0	135476.0	6534.0	2973.0	0.21	0.01	1.5	0.0	1.39	1806985.0	6.65	1200.0	0.0	0.02	0.67	0.02	20059	671967	20059
UWA_FAM7_PT_D16-1243_2	84673984.0	202.0	75981057.0	89.73	199.73	68172813.0	68172366.0	67562677.0	559905.0	26648.0	23583.0	0.26	0.0	1.5	0.0	1.47	7224097.0	8.53	10745.0	0.01	0.05	1.01	0.1	62848	1269540	125697
VCGS_DLS_FAM1_1	72323701.0	202.0	67883243.0	93.86	200.39	49785645.0	49785177.0	49392865.0	345143.0	30782.0	16855.0	0.29	0.01	2.38	0.01	1.88	3796304.0	5.25	4126.0	0.01	0.03	0.38	0.06	40853	517469	81706
VCGS_FAM11_32_2	45009403.0	202.0	41482712.0	92.16	199.91	37420974.0	37420824.0	37176263.0	208346.0	27754.0	8611.0	0.28	0.01	1.54	0.01	1.59	2730938.0	6.07	4598.0	0.01	0.07	0.64	0.04	73841	675119	42195
VCGS_FAM12_36_2	53300076.0	202.0	46803015.0	87.81	200.03	44052527.0	44052405.0	43747928.0	263932.0	28966.0	11701.0	0.26	0.01	1.84	0.0	1.5	5709937.0	10.71	6390.0	0.01	0.06	0.58	0.03	69916	675859	34958
VCGS_FAM147_459_2	61724511.0	202.0	57467235.0	93.1	200.79	57959218.0	57959022.0	57483843.0	427756.0	33755.0	13864.0	0.21	0.0	1.89	0.0	1.62	3159459.0	5.12	4221.0	0.01	0.02	0.52	0.06	36453	947783	109360
VCGS_FAM148_462_2	73594696.0	202.0	69542498.0	94.49	200.77	64014854.0	64014519.0	63471198.0	475779.0	50708.0	17169.0	0.22	0.01	2.08	0.01	1.52	3196978.0	4.34	4672.0	0.01	0.02	0.25	0.05	53159	664491	132898
VCGS_FAM149_465_2	74949007.0	202.0	70006644.0	93.41	200.97	62184072.0	62183722.0	61692019.0	430549.0	45027.0	16477.0	0.21	0.01	2.03	0.01	1.63	4165384.0	5.56	4920.0	0.01	0.02	0.57	0.04	24510	698530	49020
VCGS_FAM150_468_2	77809515.0	202.0	73054675.0	93.89	200.85	67192045.0	67191706.0	66622664.0	508201.0	43313.0	17867.0	0.23	0.01	2.04	0.01	1.52	3812918.0	4.9	5995.0	0.01	0.02	0.47	0.05	34664	814603	86660
VCGS_FAM1_1_2	52037988.0	202.0	47829945.0	91.91	199.99	43699758.0	43699533.0	43386303.0	264402.0	37397.0	11656.0	0.28	0.01	1.87	0.01	1.5	3355133.0	6.45	3527.0	0.01	0.07	0.55	0.03	91472	718709	39202
VCGS_FAM22_69_2	58113992.0	202.0	54122622.0	93.13	200.01	49284197.0	49283834.0	48878888.0	350515.0	40257.0	14537.0	0.3	0.01	1.63	0.01	1.49	3076638.0	5.29	26657.0	0.05	0.08	0.68	0.06	86641	736452	64981
VCGS_FAM26_81_2	43654834.0	202.0	40656927.0	93.13	199.87	35176431.0	35176133.0	34882742.0	254828.0	28912.0	9949.0	0.3	0.01	1.8	0.01	1.47	2335691.0	5.35	24447.0	0.06	0.08	0.54	0.04	77305	521811	38653
VCGS_FAM27_84_2	42571507.0	202.0	39730841.0	93.33	199.9	36148000.0	36147890.0	35905476.0	206642.0	26773.0	9109.0	0.28	0.01	1.68	0.01	1.62	2215937.0	5.21	3036.0	0.01	0.06	0.54	0.04	58284	524553	38856
VCGS_FAM29_90	46616418.0	202.0	42194754.0	90.51	200.81	40040935.0	40040654.0	39735112.0	270066.0	25077.0	10680.0	0.16	0.01	2.04	0.01	1.6	3359162.0	7.21	2431.0	0.01	0.01	0.53	0.05	17967	952267	89837
VCGS_FAM2_4_2	71204176.0	202.0	65806691.0	92.42	200.87	66122377.0	66122061.0	65543477.0	524996.0	37519.0	16385.0	0.2	0.01	2.44	0.0	1.53	3614388.0	5.08	4066.0	0.01	0.02	1.96	0.06	17441	1709265	52324
VCGS_FAM31_97_2	48756335.0	202.0	44110513.0	90.47	199.79	40342659.0	40342491.0	40060755.0	245417.0	26233.0	10254.0	0.29	0.01	1.67	0.01	1.61	3886154.0	7.97	5523.0	0.01	0.07	0.87	0.03	54423	676398	23324
VCGS_FAM39_123	37884317.0	202.0	34310782.0	90.57	200.83	30852178.0	30852014.0	30619351.0	203251.0	21447.0	8129.0	0.16	0.01	1.94	0.01	1.59	2790298.0	7.37	3704.0	0.01	0.01	0.48	0.04	14708	705992	58833
VCGS_FAM3_7_2	78212703.0	202.0	72447776.0	92.63	200.68	69497924.0	69497506.0	69006237.0	431947.0	41998.0	17742.0	0.22	0.01	2.03	0.01	1.63	4056164.0	5.19	6033.0	0.01	0.02	0.61	0.05	50080	1527449	125201
VCGS_FAM41_129_2	40972574.0	202.0	36904923.0	90.07	200.0	34448546.0	34448434.0	34199423.0	215016.0	25574.0	8533.0	0.28	0.01	1.77	0.0	1.46	3404022.0	8.31	2568.0	0.01	0.07	0.62	0.03	64270	569247	27544
VCGS_FAM42_132_2	43853569.0	202.0	40725277.0	92.87	199.86	36867738.0	36867619.0	36618356.0	214175.0	27226.0	7981.0	0.28	0.01	1.58	0.01	1.58	2385287.0	5.44	10123.0	0.02	0.07	0.58	0.04	74350	616046	42486
VCGS_FAM49_153	51278838.0	202.0	47066614.0	91.79	200.87	42721603.0	42721390.0	42348969.0	330174.0	29609.0	12851.0	0.17	0.01	2.11	0.01	1.56	3262118.0	6.36	2000.0	0.0	0.01	0.46	0.04	18590	855154	74361
VCGS_FAM4_13_2	51827728.0	202.0	47543477.0	91.73	199.98	41662521.0	41662327.0	41348370.0	266133.0	36755.0	11263.0	0.27	0.01	1.81	0.01	1.51	3411514.0	6.58	3023.0	0.01	0.06	0.59	0.03	76739	754605	38370
VCGS_FAM52_162_3	69186899.0	202.0	64722822.0	93.55	200.9	61683915.0	61683520.0	61226334.0	399472.0	42929.0	15180.0	0.23	0.01	1.88	0.01	1.6	3879069.0	5.61	4160.0	0.01	0.02	0.38	0.03	27016	513308	40524
VCGS_FAM58_181	46881542.0	202.0	43180988.0	92.11	200.95	41102463.0	41102224.0	40738607.0	322908.0	30329.0	10619.0	0.15	0.01	1.97	0.01	1.54	2611916.0	5.57	2025.0	0.0	0.01	0.85	0.05	11941	1014968	59704
VCGS_FAM61_190	58498020.0	202.0	54254866.0	92.75	200.88	49811771.0	49811559.0	49355728.0	402035.0	38399.0	15609.0	0.17	0.0	1.73	0.01	1.52	3324892.0	5.68	5986.0	0.01	0.01	0.36	0.05	21721	781951	108604
VCGS_FAM67_209	49519650.0	202.0	45656955.0	92.2	200.95	42910984.0	42910737.0	42565141.0	305505.0	29044.0	11294.0	0.16	0.01	1.88	0.01	1.58	2932023.0	5.92	3847.0	0.01	0.01	0.55	0.05	15194	835662	75969
VCGS_FAM73_227_2	70649774.0	202.0	66180262.0	93.67	200.74	60917894.0	60917562.0	60411850.0	440170.0	48767.0	17107.0	0.23	0.01	1.8	0.01	1.56	3700275.0	5.24	4113.0	0.01	0.02	0.23	0.04	52767	606822	105534
VCGS_FAM84_260	36710556.0	202.0	34156212.0	93.04	200.93	30613353.0	30613229.0	30317577.0	261155.0	24526.0	10095.0	0.17	0.01	1.84	0.01	1.53	1917795.0	5.22	4517.0	0.01	0.01	0.45	0.07	11925	536631	83476
VIL_17_097	57664223.0	202.0	53437655.0	92.67	200.76	43619740.0	43619426.0	43137308.0	449884.0	18213.0	14335.0	0.2	0.01	1.63	0.0	1.48	3014648.0	5.23	1812.0	0.0	0.02	0.37	0.09	50421	932792	226895
VIL_17_098	47328162.0	202.0	44443913.0	93.91	200.78	35451158.0	35450824.0	35063369.0	356885.0	18710.0	12194.0	0.22	0.01	1.75	0.01	1.48	2193927.0	4.64	2862.0	0.01	0.02	0.27	0.07	38192	515595	133673
VIL_17_099	58855365.0	202.0	54697960.0	92.94	200.72	43332174.0	43331872.0	42745906.0	556386.0	19055.0	10827.0	0.21	0.01	1.59	0.01	1.5	2907043.0	4.94	2010.0	0.0	0.01	0.29	0.05	35667	1034349	178336
VIL_17_105	50298662.0	202.0	47045755.0	93.53	200.76	39480521.0	39480318.0	39016583.0	436867.0	16576.0	10495.0	0.23	0.01	1.74	0.01	1.5	2347461.0	4.67	1418.0	0.0	0.02	0.33	0.05	45201	745823	113004
VIL_17_106	62638200.0	202.0	59108595.0	94.37	200.85	49692412.0	49692110.0	49133513.0	522648.0	21753.0	14498.0	0.22	0.01	1.77	0.01	1.5	2783171.0	4.44	2461.0	0.0	0.02	0.22	0.09	45089	495982	202902
VIL_17_107	71126219.0	202.0	66195761.0	93.07	200.82	53421447.0	53421123.0	52857535.0	523586.0	23951.0	16375.0	0.2	0.01	1.76	0.01	1.58	3505187.0	4.93	3100.0	0.0	0.01	0.35	0.08	32322	1131272	258577
VIL_17_110	51857289.0	202.0	48664572.0	93.84	200.87	40557193.0	40556948.0	40113235.0	410838.0	21350.0	11770.0	0.21	0.01	1.73	0.01	1.51	2274040.0	4.39	2367.0	0.0	0.01	0.33	0.04	24113	795743	96454
VIL_17_111	41076886.0	202.0	38766502.0	94.38	200.91	32110191.0	32109966.0	31768448.0	319973.0	12690.0	9080.0	0.21	0.01	1.71	0.0	1.45	1778322.0	4.33	2449.0	0.01	0.02	0.36	0.11	21617	389103	118893
VIL_17_120	62933893.0	202.0	59154467.0	93.99	200.82	48582393.0	48581927.0	48104891.0	440000.0	21370.0	16132.0	0.21	0.01	1.67	0.01	1.49	2806825.0	4.46	2510.0	0.0	0.02	0.37	0.1	39596	732518	197978
VIL_17_121	69741973.0	202.0	65239690.0	93.54	200.82	53628736.0	53628368.0	53041083.0	548990.0	23794.0	14869.0	0.21	0.01	1.55	0.01	1.47	3456174.0	4.96	7832.0	0.01	0.01	0.28	0.1	26622	745430	266225
VIL_17_141	53824715.0	202.0	50483130.0	93.79	201.0	43161934.0	43161662.0	42714286.0	413719.0	19215.0	14714.0	0.19	0.01	1.67	0.01	1.53	2470341.0	4.59	2228.0	0.0	0.01	0.26	0.09	24139	627623	217254
VIL_17_150	81582638.0	202.0	75901378.0	93.04	200.85	63884159.0	63883687.0	63112923.0	714107.0	37374.0	19755.0	0.22	0.01	1.63	0.0	1.47	4376981.0	5.37	5312.0	0.01	0.01	0.35	0.12	27062	947163	324742
VIL_17_151	76382141.0	202.0	70981367.0	92.93	200.82	59809118.0	59808683.0	59064242.0	700116.0	28911.0	15849.0	0.22	0.01	1.61	0.0	1.45	4182649.0	5.48	7051.0	0.01	0.01	0.27	0.11	31053	838436	341585
VIL_17_152	73484082.0	202.0	68959820.0	93.84	200.99	55612221.0	55611865.0	54952433.0	619129.0	24109.0	16550.0	0.21	0.01	1.75	0.01	1.48	3780345.0	5.14	4516.0	0.01	0.01	0.27	0.09	19984	539563	179854
VIL_17_163	26034739.0	202.0	24299889.0	93.34	200.77	18019732.0	18019619.0	17805830.0	202803.0	6623.0	4476.0	0.21	0.01	1.56	0.0	1.45	1338316.0	5.14	861.0	0.0	0.01	0.31	0.04	10991	340718	43964
VIL_17_164	54563674.0	202.0	50694811.0	92.91	200.76	41791773.0	41791487.0	41284458.0	463679.0	31834.0	11802.0	0.21	0.01	1.64	0.0	1.48	2813641.0	5.16	2347.0	0.0	0.01	0.24	0.07	32902	789656	230316
VIL_18_045	65954771.0	202.0	61162429.0	92.73	200.74	53384169.0	53383833.0	52839706.0	506394.0	21151.0	16918.0	0.21	0.01	1.85	0.01	1.47	3423716.0	5.19	3219.0	0.0	0.01	0.34	0.07	32510	1105329	227568
VIL_18_046	47830436.0	202.0	44495727.0	93.03	200.82	37794989.0	37794794.0	37402719.0	361429.0	20260.0	10581.0	0.21	0.01	1.64	0.0	1.47	2378586.0	4.97	1556.0	0.0	0.01	0.38	0.04	22199	843571	88797
VIL_18_061	82879004.0	202.0	75737133.0	91.38	200.64	60148009.0	60147484.0	59447359.0	647727.0	36152.0	16771.0	0.22	0.01	1.72	0.0	1.51	5329860.0	6.43	3159.0	0.0	0.01	0.41	0.05	38486	1577935	192431
VIL_18_120	74424893.0	202.0	68966433.0	92.67	200.68	57027093.0	57026751.0	56360279.0	628532.0	22870.0	15412.0	0.23	0.01	1.54	0.0	1.49	3884265.0	5.22	1959.0	0.0	0.01	0.49	0.05	28586	1400719	142931
WAL_OTH2405f-Dec19	69521240.0	202.0	65840734.0	94.71	200.66	42094826.0	42093583.0	41653143.0	377699.0	38058.0	25926.0	0.25	0.01	1.98	0.01	1.54	2967115.0	4.27	3717.0	0.01	0.02	0.27	0.04	43011	580642	86021
WAL_OTH2405f-Feb20A	57670844.0	202.0	53510762.0	92.79	200.32	35686013.0	35685291.0	35322192.0	307091.0	40004.0	16726.0	0.25	0.01	1.96	0.01	1.56	2894112.0	5.02	2551.0	0.0	0.02	1.35	0.05	17795	1201138	44487
WAL_OTH2405f-Feb20C	66505235.0	202.0	61934630.0	93.13	200.49	41268423.0	41267825.0	40826243.0	377358.0	45382.0	19440.0	0.24	0.01	1.96	0.01	1.55	2811977.0	4.23	3244.0	0.0	0.02	1.49	0.07	22220	1655394	77770
WAL_OTH2406d-Dec19	59991679.0	202.0	56477287.0	94.14	200.74	36459990.0	36459210.0	36088430.0	312460.0	40503.0	18597.0	0.23	0.01	1.95	0.01	1.54	2859089.0	4.77	2858.0	0.0	0.01	0.33	0.07	15913	525139	111393
WAL_OTH2406d-Feb20A	62861219.0	202.0	58232659.0	92.64	200.45	37917046.0	37916416.0	37521779.0	335806.0	41163.0	18298.0	0.24	0.01	1.92	0.01	1.55	2805592.0	4.46	2813.0	0.0	0.02	2.15	0.06	16324	1754858	48973
WAL_OTH2406d-Feb20B	63282257.0	202.0	56526618.0	89.32	200.54	37872606.0	37872096.0	37478647.0	335437.0	40899.0	17623.0	0.24	0.01	1.92	0.01	1.55	4588036.0	7.25	4227.0	0.01	0.02	2.72	0.05	15508	2109098	38770
WAL_OTH2407d-Dec19	63786282.0	202.0	60172855.0	94.34	200.54	38449499.0	38448597.0	38053395.0	330888.0	44176.0	21040.0	0.25	0.01	1.97	0.01	1.53	2707183.0	4.24	3464.0	0.01	0.02	0.52	0.06	30093	782409	90278
WAL_OTH2407d-Feb20A	74916006.0	202.0	69405123.0	92.64	200.36	45471470.0	45470866.0	44976693.0	414870.0	56411.0	23496.0	0.24	0.01	1.97	0.01	1.54	3858113.0	5.15	8078.0	0.01	0.02	1.48	0.06	21086	1560349	63257
WAL_OTH2407d-Feb20B	82840560.0	202.0	76750845.0	92.65	200.3	50376620.0	50375620.0	49835508.0	451529.0	63195.0	26388.0	0.22	0.01	1.98	0.01	1.54	4050327.0	4.89	12516.0	0.02	0.02	1.54	0.06	25023	1926780	75069
WAL_OTH2419f-Dec19	63860658.0	202.0	60218366.0	94.3	200.6	38985599.0	38985025.0	38579720.0	341873.0	43498.0	20508.0	0.25	0.01	1.96	0.01	1.55	2942858.0	4.61	3827.0	0.01	0.02	0.34	0.06	33124	563110	99372
WAL_OTH2419f-Feb20A	67279047.0	202.0	62939980.0	93.55	200.44	41473576.0	41473020.0	41021974.0	381854.0	48654.0	21094.0	0.25	0.01	1.94	0.01	1.55	2893636.0	4.3	2965.0	0.0	0.02	1.38	0.06	19760	1363427	59279
WAL_OTH2419f-Feb20B	53516035.0	202.0	49598401.0	92.68	200.22	33388120.0	33387519.0	33040608.0	292356.0	38881.0	16275.0	0.23	0.01	1.95	0.01	1.55	2554120.0	4.77	2481.0	0.0	0.02	1.76	0.09	14557	1280972	65504
