	2.0	3.0	4.0	5.0	6.0	7.0	8.0	9.0	10.0	11.0	12.0	13.0	14.0	15.0	16.0	17.0	18.0	19.0	20.0	21.0	22.0	23.0	24.0	25.0	26.0	27.0	28.0	29.0	30.0	31.0	32.0	33.0	34.0	35.0	36.0	37.0	38.0	39.0	40.0
B11-25-1M	6240104.0	1173094.0	762883.0	519556.0	424615.0	392585.0	385688.0	399498.0	429956.0	469200.0	511656.0	550115.0	582839.0	613988.0	643235.0	672704.0	706473.0	746426.0	794865.0	864051.0	967464.0	1113756.0	1296477.0	1533038.0	1829887.0	2199538.0	2642527.0	3114910.0	3754924.0	4600673.0	5719349.0	7314107.0	9729189.0	13501276.0	19497612.0	27616280.0	34429630.0	24950100.0	618735.0
	11.0	12.0	13.0	14.0	15.0	16.0	17.0	18.0	19.0	20.0	21.0	22.0	23.0	24.0	25.0	26.0	27.0	28.0	29.0	30.0	31.0	32.0	33.0	34.0	35.0	36.0	37.0
BON_B09-9_CHX_2	47.0	882.0	5120.0	10437.0	12131.0	12014.0	13757.0	17316.0	25413.0	34759.0	47189.0	60823.0	85971.0	120236.0	174419.0	245265.0	356493.0	498786.0	711546.0	955710.0	1336827.0	1822034.0	2783748.0	4717517.0	12480134.0	100731563.0	38844035.0
	6.0	7.0	8.0	9.0	10.0	11.0	12.0	13.0	14.0	15.0	16.0	17.0	18.0	19.0	20.0	21.0	22.0	23.0	24.0	25.0	26.0	27.0	28.0	29.0	30.0	31.0	32.0	33.0	34.0	35.0	36.0	37.0
BON_B12-71_2	22.0	81.0	191.0	219.0	238.0	231.0	1471.0	7184.0	11528.0	11275.0	10453.0	12366.0	16526.0	24193.0	36178.0	56401.0	88099.0	135112.0	191241.0	277490.0	384072.0	559216.0	781311.0	1127535.0	1545145.0	2238122.0	3193002.0	5157070.0	9059309.0	23158180.0	130150471.0	43258649.0
	2.0	3.0	4.0	5.0	6.0	7.0	8.0	9.0	10.0	11.0	12.0	13.0	14.0	15.0	16.0	17.0	18.0	19.0	20.0	21.0	22.0	23.0	24.0	25.0	26.0	27.0	28.0	29.0	30.0	31.0	32.0	33.0	34.0	35.0	36.0
BON_B14-51_1_2	927625.0	347556.0	250579.0	187779.0	159988.0	152342.0	151990.0	157815.0	169846.0	187276.0	205184.0	217429.0	231098.0	248138.0	270707.0	299075.0	333001.0	375874.0	412123.0	476901.0	569048.0	694228.0	846732.0	1015682.0	1214718.0	1453610.0	1750652.0	2126687.0	2624171.0	3322452.0	4346141.0	6011283.0	9093237.0	16955322.0	52437463.0
	10.0	11.0	12.0	13.0	14.0	15.0	16.0	17.0	18.0	19.0	20.0	21.0	22.0	23.0	24.0	25.0	26.0	27.0	28.0	29.0	30.0	31.0	32.0	33.0	34.0	35.0	36.0	37.0
BON_B14_48_CHX-_1	1.0	441.0	12205.0	45469.0	62734.0	55358.0	47738.0	48926.0	61222.0	99491.0	157506.0	242009.0	320996.0	386172.0	410461.0	441249.0	488322.0	620492.0	831129.0	1177578.0	1607462.0	2298174.0	3238603.0	5141583.0	8807535.0	22496059.0	177904829.0	79121900.0
	10.0	11.0	12.0	13.0	14.0	15.0	16.0	17.0	18.0	19.0	20.0	21.0	22.0	23.0	24.0	25.0	26.0	27.0	28.0	29.0	30.0	31.0	32.0	33.0	34.0	35.0	36.0	37.0
BON_B14_48_CHX_1	1.0	206.0	6627.0	24570.0	34210.0	30901.0	27433.0	30733.0	41130.0	61117.0	88059.0	125502.0	164087.0	213428.0	270162.0	362064.0	484729.0	703337.0	997282.0	1459066.0	2000198.0	2868808.0	4014968.0	6326374.0	10954915.0	27933488.0	217090594.0	96532047.0
	2.0	3.0	4.0	5.0	6.0	7.0	8.0	9.0	10.0	11.0	12.0	13.0	14.0	15.0	16.0	17.0	18.0	19.0	20.0	21.0	22.0	23.0	24.0	25.0	26.0	27.0	28.0	29.0	30.0	31.0	32.0	33.0	34.0	35.0	36.0
BON_B15-125_1_2	1392506.0	511730.0	360108.0	258293.0	217081.0	201619.0	200824.0	206761.0	219512.0	235406.0	254025.0	272616.0	293075.0	313968.0	344089.0	381376.0	426584.0	484888.0	533803.0	618593.0	742340.0	915320.0	1120348.0	1350674.0	1621961.0	1947480.0	2351923.0	2879080.0	3577479.0	4563567.0	6061079.0	8548820.0	13304078.0	25547864.0	75476374.0
	2.0	3.0	4.0	5.0	6.0	7.0	8.0	9.0	10.0	11.0	12.0	13.0	14.0	15.0	16.0	17.0	18.0	19.0	20.0	21.0	22.0	23.0	24.0	25.0	26.0	27.0	28.0	29.0	30.0	31.0	32.0	33.0	34.0	35.0	36.0
BON_B15-26_1_1	912926.0	319821.0	232444.0	172301.0	146132.0	138111.0	137600.0	142303.0	152318.0	165547.0	178276.0	190957.0	203563.0	218764.0	239458.0	264025.0	294976.0	337071.0	367286.0	426874.0	512747.0	631858.0	775014.0	927259.0	1110561.0	1327726.0	1593743.0	1938593.0	2386008.0	3017134.0	3970290.0	5534573.0	8529136.0	16355981.0	53802678.0
	4.0	5.0	6.0	7.0	8.0	9.0	10.0	11.0	12.0	13.0	14.0	15.0	16.0	17.0	18.0	19.0	20.0	21.0	22.0	23.0	24.0	25.0	26.0	27.0	28.0	29.0	30.0	31.0	32.0	33.0	34.0	35.0	36.0	37.0
BON_B15-95_CHX_1	5.0	3.0	20.0	46.0	86.0	114.0	174.0	254.0	361.0	1247.0	3803.0	7085.0	11286.0	16526.0	21134.0	28945.0	42579.0	68755.0	108619.0	175084.0	266598.0	415371.0	617887.0	972007.0	1462794.0	2238232.0	3274138.0	5083907.0	7783299.0	13736119.0	25631517.0	54216708.0	77423050.0	3327930.0
	2.0	3.0	4.0	5.0	6.0	7.0	8.0	9.0	10.0	11.0	12.0	13.0	14.0	15.0	16.0	17.0	18.0	19.0	20.0	21.0	22.0	23.0	24.0	25.0	26.0	27.0	28.0	29.0	30.0	31.0	32.0	33.0	34.0	35.0	36.0
BON_B15-98_1_2	942684.0	350240.0	249206.0	182993.0	155583.0	147983.0	146676.0	153139.0	163312.0	178634.0	193883.0	208742.0	223853.0	238931.0	263358.0	292513.0	327844.0	374575.0	408532.0	475115.0	571925.0	708451.0	879638.0	1043657.0	1248882.0	1503347.0	1801403.0	2199994.0	2726917.0	3466323.0	4579106.0	6427106.0	9930591.0	19104079.0	62142850.0
	10.0	11.0	12.0	13.0	14.0	15.0	16.0	17.0	18.0	19.0	20.0	21.0	22.0	23.0	24.0	25.0	26.0	27.0	28.0	29.0	30.0	31.0	32.0	33.0	34.0	35.0	36.0	37.0
BON_B16-108_CHX-_1	2.0	176.0	5858.0	27221.0	44151.0	41388.0	36412.0	42709.0	66021.0	100900.0	119477.0	120447.0	123853.0	150826.0	195611.0	279146.0	397805.0	600021.0	861500.0	1270775.0	1764139.0	2539252.0	3576432.0	5655857.0	9923375.0	25069978.0	199538021.0	92893847.0
	10.0	11.0	12.0	13.0	14.0	15.0	16.0	17.0	18.0	19.0	20.0	21.0	22.0	23.0	24.0	25.0	26.0	27.0	28.0	29.0	30.0	31.0	32.0	33.0	34.0	35.0	36.0	37.0
BON_B16-108_CHX_1	1.0	223.0	6103.0	24327.0	34454.0	33353.0	35062.0	47981.0	66997.0	93000.0	108906.0	125125.0	139313.0	164147.0	196506.0	261813.0	361672.0	538984.0	771647.0	1132428.0	1566381.0	2242504.0	3167408.0	5043751.0	8766147.0	22152331.0	164751035.0	72049861.0
	2.0	3.0	4.0	5.0	6.0	7.0	8.0	9.0	10.0	11.0	12.0	13.0	14.0	15.0	16.0	17.0	18.0	19.0	20.0	21.0	22.0	23.0	24.0	25.0	26.0	27.0	28.0	29.0	30.0	31.0	32.0	33.0	34.0	35.0	36.0
BON_B16-50_1_2	859815.0	357879.0	247721.0	183815.0	158134.0	150419.0	150504.0	156414.0	170600.0	188884.0	207606.0	222871.0	237645.0	253324.0	276214.0	303326.0	338077.0	380161.0	420892.0	484497.0	575111.0	701353.0	858322.0	1024748.0	1230103.0	1479485.0	1792168.0	2189746.0	2715573.0	3438975.0	4500372.0	6183956.0	9272270.0	17131390.0	49271941.0
	2.0	3.0	4.0	5.0	6.0	7.0	8.0	9.0	10.0	11.0	12.0	13.0	14.0	15.0	16.0	17.0	18.0	19.0	20.0	21.0	22.0	23.0	24.0	25.0	26.0	27.0	28.0	29.0	30.0	31.0	32.0	33.0	34.0	35.0	36.0
BON_B16-57_1_2	814603.0	332047.0	231573.0	168436.0	143493.0	137116.0	137579.0	142717.0	155809.0	174058.0	189603.0	205175.0	216519.0	229560.0	248725.0	272323.0	301678.0	338210.0	373103.0	429745.0	507291.0	617778.0	752923.0	894085.0	1067354.0	1280422.0	1540606.0	1873962.0	2309931.0	2897769.0	3751338.0	5090364.0	7522737.0	13613168.0	37063192.0
	5.0	6.0	7.0	8.0	9.0	10.0	11.0	12.0	13.0	14.0	15.0	16.0	17.0	18.0	19.0	20.0	21.0	22.0	23.0	24.0	25.0	26.0	27.0	28.0	29.0	30.0	31.0	32.0	33.0	34.0	35.0	36.0	37.0
BON_B17-28_1	4.0	20.0	96.0	217.0	347.0	317.0	351.0	3242.0	17780.0	29864.0	30148.0	28324.0	31606.0	35209.0	41958.0	52879.0	73534.0	105986.0	155132.0	216129.0	307957.0	427586.0	621013.0	876269.0	1260911.0	1723469.0	2470383.0	3512085.0	5642748.0	9897769.0	26192541.0	173635031.0	64485940.0
	11.0	12.0	13.0	14.0	15.0	16.0	17.0	18.0	19.0	20.0	21.0	22.0	23.0	24.0	25.0	26.0	27.0	28.0	29.0	30.0	31.0	32.0	33.0	34.0	35.0	36.0	37.0
BON_B17-54_1	46.0	911.0	3745.0	6138.0	6450.0	6767.0	7550.0	8380.0	11894.0	19370.0	37102.0	69671.0	134477.0	235979.0	404683.0	630908.0	970940.0	1397989.0	2043870.0	2780875.0	3895208.0	5209483.0	7539727.0	11369136.0	22278214.0	98583755.0	31711561.0
	4.0	5.0	6.0	7.0	8.0	9.0	10.0	11.0	12.0	13.0	14.0	15.0	16.0	17.0	18.0	19.0	20.0	21.0	22.0	23.0	24.0	25.0	26.0	27.0	28.0	29.0	30.0	31.0	32.0	33.0	34.0	35.0	36.0	37.0
BON_B18-23_CHX_1	2.0	3.0	23.0	50.0	66.0	108.0	141.0	193.0	336.0	1303.0	3991.0	6801.0	8919.0	11518.0	14898.0	23678.0	37679.0	61249.0	95840.0	152747.0	230330.0	356399.0	529325.0	829617.0	1245315.0	1909277.0	2801136.0	4360112.0	6724388.0	11942628.0	22291396.0	46676607.0	64236707.0	2590972.0
	11.0	12.0	13.0	14.0	15.0	16.0	17.0	18.0	19.0	20.0	21.0	22.0	23.0	24.0	25.0	26.0	27.0	28.0	29.0	30.0	31.0	32.0	33.0	34.0	35.0	36.0	37.0
BON_B18-37_1	47.0	967.0	3304.0	4380.0	4237.0	4093.0	4575.0	5741.0	9135.0	15516.0	31036.0	59553.0	117475.0	208187.0	357015.0	547682.0	827237.0	1159206.0	1643243.0	2183485.0	2974099.0	3912454.0	5575787.0	8317524.0	16209128.0	68597028.0	21034260.0
	11.0	12.0	13.0	14.0	15.0	16.0	17.0	18.0	19.0	20.0	21.0	22.0	23.0	24.0	25.0	26.0	27.0	28.0	29.0	30.0	31.0	32.0	33.0	34.0	35.0	36.0	37.0
BON_B18_65_CHX_1	51.0	1540.0	7075.0	10497.0	9368.0	9181.0	11596.0	16146.0	22622.0	30302.0	41381.0	53788.0	69634.0	83135.0	106813.0	137471.0	191547.0	259367.0	365682.0	481925.0	671489.0	914244.0	1398786.0	2381284.0	6708004.0	61691479.0	22827263.0
	10.0	11.0	12.0	13.0	14.0	15.0	16.0	17.0	18.0	19.0	20.0	21.0	22.0	23.0	24.0	25.0	26.0	27.0	28.0	29.0	30.0	31.0	32.0	33.0	34.0	35.0	36.0	37.0
BON_B19-03_CHX_1	1.0	46.0	1714.0	8492.0	13091.0	11933.0	10201.0	10824.0	14536.0	20696.0	24847.0	29998.0	37033.0	51836.0	69010.0	97323.0	134394.0	193906.0	271301.0	382979.0	512870.0	719877.0	973580.0	1476079.0	2493346.0	6892381.0	67727658.0	26390946.0
	4.0	5.0	6.0	7.0	8.0	9.0	10.0	11.0	12.0	13.0	14.0	15.0	16.0	17.0	18.0	19.0	20.0	21.0	22.0	23.0	24.0	25.0	26.0	27.0	28.0	29.0	30.0	31.0	32.0	33.0	34.0	35.0	36.0	37.0
BON_B19-45_CHX_1	2.0	5.0	21.0	59.0	67.0	113.0	152.0	224.0	317.0	745.0	2375.0	6065.0	10616.0	13370.0	14029.0	19577.0	31549.0	56653.0	93665.0	154049.0	236001.0	367071.0	546941.0	855909.0	1284277.0	1968403.0	2880122.0	4487252.0	6925143.0	12225243.0	22594635.0	46720506.0	62648229.0	2363517.0
	11.0	12.0	13.0	14.0	15.0	16.0	17.0	18.0	19.0	20.0	21.0	22.0	23.0	24.0	25.0	26.0	27.0	28.0	29.0	30.0	31.0	32.0	33.0	34.0	35.0	36.0	37.0
BON_B19-52_CHX_1	38.0	1916.0	9097.0	13939.0	12451.0	9993.0	9496.0	12134.0	19113.0	25706.0	30550.0	36629.0	49070.0	66391.0	94532.0	130150.0	185464.0	255986.0	360322.0	472673.0	653763.0	882676.0	1341042.0	2280752.0	6328359.0	66883015.0	27452305.0
	4.0	5.0	6.0	7.0	8.0	9.0	10.0	11.0	12.0	13.0	14.0	15.0	16.0	17.0	18.0	19.0	20.0	21.0	22.0	23.0	24.0	25.0	26.0	27.0	28.0	29.0	30.0	31.0	32.0	33.0	34.0	35.0	36.0	37.0
BON_B19-54_CHX_1	2.0	4.0	15.0	40.0	69.0	114.0	158.0	217.0	313.0	1200.0	3349.0	5598.0	7730.0	11492.0	16304.0	22445.0	32117.0	50083.0	77800.0	126903.0	195003.0	309486.0	466993.0	743908.0	1130170.0	1748809.0	2572240.0	4019304.0	6224982.0	11188552.0	21678878.0	48565193.0	69906221.0	2908917.0
	4.0	5.0	6.0	7.0	8.0	9.0	10.0	11.0	12.0	13.0	14.0	15.0	16.0	17.0	18.0	19.0	20.0	21.0	22.0	23.0	24.0	25.0	26.0	27.0	28.0	29.0	30.0	31.0	32.0	33.0	34.0	35.0	36.0	37.0
BON_B19-59_CHX_1	1.0	5.0	24.0	33.0	94.0	123.0	154.0	209.0	314.0	1085.0	3158.0	5299.0	7257.0	10481.0	15252.0	21816.0	33118.0	56271.0	90731.0	149329.0	228236.0	355202.0	532236.0	837040.0	1263441.0	1947289.0	2860219.0	4448644.0	6882601.0	12305088.0	23476191.0	50824684.0	71316254.0	2923862.0
	11.0	12.0	13.0	14.0	15.0	16.0	17.0	18.0	19.0	20.0	21.0	22.0	23.0	24.0	25.0	26.0	27.0	28.0	29.0	30.0	31.0	32.0	33.0	34.0	35.0	36.0	37.0
BON_B20_36_CHX_1	63.0	2082.0	10526.0	15109.0	12621.0	9851.0	9242.0	10363.0	13859.0	20419.0	32488.0	50126.0	75345.0	100923.0	130792.0	167019.0	226376.0	306155.0	431920.0	571665.0	793449.0	1078088.0	1655024.0	2826915.0	8007547.0	80610825.0	31717320.0
	10.0	11.0	12.0	13.0	14.0	15.0	16.0	17.0	18.0	19.0	20.0	21.0	22.0	23.0	24.0	25.0	26.0	27.0	28.0	29.0	30.0	31.0	32.0	33.0	34.0	35.0	36.0	37.0
BON_FC2_CHX-_1	1.0	167.0	4633.0	19776.0	33052.0	38453.0	42265.0	44601.0	44414.0	44295.0	43958.0	53928.0	71062.0	101856.0	144186.0	213304.0	305242.0	453858.0	654133.0	957788.0	1317921.0	1895101.0	2656910.0	4175208.0	7317994.0	18900751.0	153369337.0	69817191.0
	10.0	11.0	12.0	13.0	14.0	15.0	16.0	17.0	18.0	19.0	20.0	21.0	22.0	23.0	24.0	25.0	26.0	27.0	28.0	29.0	30.0	31.0	32.0	33.0	34.0	35.0	36.0	37.0
BON_FC2_CHX_1	1.0	250.0	7918.0	33114.0	48883.0	42752.0	35812.0	35749.0	44484.0	72914.0	117078.0	182442.0	246455.0	299230.0	333831.0	407983.0	520712.0	744730.0	1055420.0	1546630.0	2135096.0	3053210.0	4278465.0	6749334.0	11834714.0	30254874.0	238858630.0	107149464.0
	11.0	12.0	13.0	14.0	15.0	16.0	17.0	18.0	19.0	20.0	21.0	22.0	23.0	24.0	25.0	26.0	27.0	28.0	29.0	30.0	31.0	32.0	33.0	34.0	35.0	36.0	37.0
BON_UC355_CHX_1	26.0	906.0	4454.0	9326.0	10479.0	10305.0	12182.0	15265.0	21628.0	30502.0	44029.0	62503.0	95482.0	139243.0	205868.0	284164.0	408055.0	559858.0	784149.0	1039348.0	1441776.0	1946258.0	2933666.0	4891490.0	12646691.0	112448921.0	47506915.0
	11.0	12.0	13.0	14.0	15.0	16.0	17.0	18.0	19.0	20.0	21.0	22.0	23.0	24.0	25.0	26.0	27.0	28.0	29.0	30.0	31.0	32.0	33.0	34.0	35.0	36.0	37.0
BON_UC522_1	77.0	1277.0	4035.0	5030.0	4548.0	4726.0	5943.0	9307.0	17140.0	31396.0	62324.0	115681.0	215207.0	358849.0	577430.0	835542.0	1193271.0	1600109.0	2172737.0	2801723.0	3728029.0	4821997.0	6855123.0	10283470.0	20008368.0	69848097.0	17520354.0
	11.0	12.0	13.0	14.0	15.0	16.0	17.0	18.0	19.0	20.0	21.0	22.0	23.0	24.0	25.0	26.0	27.0	28.0	29.0	30.0	31.0	32.0	33.0	34.0	35.0	36.0	37.0
HK-006	153.0	3897.0	15677.0	21580.0	18339.0	15871.0	18848.0	24389.0	35534.0	48551.0	68140.0	95756.0	136618.0	188337.0	268279.0	368575.0	535420.0	757907.0	1101600.0	1522091.0	2214515.0	3182711.0	5152384.0	9113334.0	22605353.0	142850293.0	57607346.0
	11.0	12.0	13.0	14.0	15.0	16.0	17.0	18.0	19.0	20.0	21.0	22.0	23.0	24.0	25.0	26.0	27.0	28.0	29.0	30.0	31.0	32.0	33.0	34.0	35.0	36.0	37.0
HK-010	158.0	4712.0	13841.0	17609.0	14597.0	12127.0	12602.0	16209.0	23150.0	34730.0	54013.0	79245.0	121359.0	171034.0	242271.0	325746.0	457249.0	627303.0	907200.0	1298029.0	1830792.0	2617795.0	4259207.0	7578740.0	19086891.0	118891664.0	46167536.0
	9.0	10.0	11.0	12.0	13.0	14.0	15.0	16.0	17.0	18.0	19.0	20.0	21.0	22.0	23.0	24.0	25.0	26.0	27.0	28.0	29.0	30.0	31.0	32.0	33.0	34.0	35.0	36.0	37.0
HK-015	1.0	0.0	93.0	2516.0	11644.0	19323.0	20616.0	24434.0	38696.0	44203.0	41371.0	41717.0	52329.0	72689.0	106699.0	149581.0	213599.0	295788.0	432903.0	613533.0	897585.0	1244849.0	1806169.0	2592569.0	4165441.0	7304354.0	18301145.0	123150714.0	51190311.0
	10.0	11.0	12.0	13.0	14.0	15.0	16.0	17.0	18.0	19.0	20.0	21.0	22.0	23.0	24.0	25.0	26.0	27.0	28.0	29.0	30.0	31.0	32.0	33.0	34.0	35.0	36.0	37.0
HK-022	1.0	159.0	4542.0	17960.0	24736.0	21111.0	17626.0	19879.0	26409.0	34639.0	41908.0	55194.0	79143.0	123006.0	175582.0	252563.0	342678.0	481684.0	665498.0	953488.0	1317007.0	1921731.0	2759539.0	4460411.0	7935132.0	20117032.0	134483229.0	54188734.0
	11.0	12.0	13.0	14.0	15.0	16.0	17.0	18.0	19.0	20.0	21.0	22.0	23.0	24.0	25.0	26.0	27.0	28.0	29.0	30.0	31.0	32.0	33.0	34.0	35.0	36.0	37.0
HK-025	292.0	7718.0	28245.0	36439.0	29998.0	23835.0	22068.0	24885.0	35496.0	52137.0	79672.0	115614.0	168764.0	232470.0	321164.0	423281.0	583136.0	795405.0	1135599.0	1597564.0	2262866.0	3217533.0	5204640.0	9204349.0	23440294.0	156440249.0	63031435.0
	11.0	12.0	13.0	14.0	15.0	16.0	17.0	18.0	19.0	20.0	21.0	22.0	23.0	24.0	25.0	26.0	27.0	28.0	29.0	30.0	31.0	32.0	33.0	34.0	35.0	36.0	37.0
HK-032	376.0	9502.0	28184.0	38186.0	32143.0	26661.0	26171.0	31293.0	44760.0	64552.0	97940.0	135003.0	188021.0	244844.0	328711.0	428803.0	600071.0	827553.0	1195427.0	1684403.0	2472654.0	3453208.0	5568811.0	9884586.0	25111679.0	163190422.0	64181663.0
	11.0	12.0	13.0	14.0	15.0	16.0	17.0	18.0	19.0	20.0	21.0	22.0	23.0	24.0	25.0	26.0	27.0	28.0	29.0	30.0	31.0	32.0	33.0	34.0	35.0	36.0	37.0
HK-035	90.0	2296.0	10903.0	17394.0	17937.0	19581.0	28119.0	31034.0	31629.0	34834.0	47915.0	70201.0	108591.0	156918.0	232207.0	333361.0	496281.0	716377.0	1059954.0	1475741.0	2142428.0	3063678.0	4905014.0	8647520.0	21698005.0	153304573.0	66101033.0
	11.0	12.0	13.0	14.0	15.0	16.0	17.0	18.0	19.0	20.0	21.0	22.0	23.0	24.0	25.0	26.0	27.0	28.0	29.0	30.0	31.0	32.0	33.0	34.0	35.0	36.0	37.0
HK-047	128.0	3631.0	12624.0	18733.0	19524.0	19297.0	20560.0	23290.0	29164.0	37848.0	53853.0	75958.0	113128.0	159007.0	228477.0	315220.0	456856.0	644889.0	938131.0	1302723.0	1910639.0	2761722.0	4468178.0	7854265.0	19535913.0	125914362.0	50294989.0
	11.0	12.0	13.0	14.0	15.0	16.0	17.0	18.0	19.0	20.0	21.0	22.0	23.0	24.0	25.0	26.0	27.0	28.0	29.0	30.0	31.0	32.0	33.0	34.0	35.0	36.0	37.0
HK-061	79.0	1760.0	7718.0	11571.0	11127.0	9801.0	12330.0	16081.0	20582.0	24072.0	32772.0	48516.0	76605.0	112251.0	163204.0	230940.0	335289.0	475163.0	692549.0	970038.0	1420703.0	2050532.0	3298732.0	5823661.0	14683140.0	98720560.0	40639944.0
	11.0	12.0	13.0	14.0	15.0	16.0	17.0	18.0	19.0	20.0	21.0	22.0	23.0	24.0	25.0	26.0	27.0	28.0	29.0	30.0	31.0	32.0	33.0	34.0	35.0	36.0	37.0
HK-070	213.0	6313.0	26348.0	38045.0	31866.0	24623.0	20747.0	19480.0	24733.0	34003.0	51452.0	71628.0	99394.0	123443.0	159593.0	192915.0	248859.0	320816.0	434842.0	574430.0	804093.0	1123878.0	1799169.0	3227318.0	9014903.0	67661410.0	23216029.0
	11.0	12.0	13.0	14.0	15.0	16.0	17.0	18.0	19.0	20.0	21.0	22.0	23.0	24.0	25.0	26.0	27.0	28.0	29.0	30.0	31.0	32.0	33.0	34.0	35.0	36.0	37.0
HK-071-001	177.0	5146.0	24464.0	40885.0	41514.0	40928.0	53819.0	70838.0	82663.0	83527.0	89267.0	109922.0	154516.0	214923.0	309754.0	431842.0	633693.0	897699.0	1311309.0	1848925.0	2616182.0	3712353.0	5914256.0	10429321.0	27006409.0	195627751.0	79659206.0
	11.0	12.0	13.0	14.0	15.0	16.0	17.0	18.0	19.0	20.0	21.0	22.0	23.0	24.0	25.0	26.0	27.0	28.0	29.0	30.0	31.0	32.0	33.0	34.0	35.0	36.0	37.0
HK-071-004	163.0	3967.0	16970.0	24731.0	22413.0	18871.0	20064.0	23691.0	28993.0	32035.0	37073.0	44694.0	60266.0	78057.0	107255.0	143656.0	202156.0	276436.0	389578.0	531031.0	760704.0	1031324.0	1619193.0	2929345.0	8267701.0	59880665.0	19653761.0
	11.0	12.0	13.0	14.0	15.0	16.0	17.0	18.0	19.0	20.0	21.0	22.0	23.0	24.0	25.0	26.0	27.0	28.0	29.0	30.0	31.0	32.0	33.0	34.0	35.0	36.0	37.0
HK-073	132.0	3880.0	15095.0	22491.0	23507.0	27544.0	34652.0	35876.0	39095.0	45171.0	62862.0	90558.0	139113.0	198718.0	286535.0	396145.0	571095.0	807115.0	1179054.0	1683049.0	2414794.0	3433550.0	5539569.0	9747789.0	23974730.0	148691606.0	58801689.0
	10.0	11.0	12.0	13.0	14.0	15.0	16.0	17.0	18.0	19.0	20.0	21.0	22.0	23.0	24.0	25.0	26.0	27.0	28.0	29.0	30.0	31.0	32.0	33.0	34.0	35.0	36.0	37.0
HK-075	1.0	160.0	4997.0	21690.0	31657.0	28617.0	26249.0	35578.0	47391.0	53100.0	54499.0	65822.0	86528.0	126655.0	176305.0	252979.0	351048.0	511491.0	724130.0	1050715.0	1458810.0	2123640.0	3053172.0	4943576.0	8731889.0	21858640.0	140870333.0	55276942.0
	11.0	12.0	13.0	14.0	15.0	16.0	17.0	18.0	19.0	20.0	21.0	22.0	23.0	24.0	25.0	26.0	27.0	28.0	29.0	30.0	31.0	32.0	33.0	34.0	35.0	36.0	37.0
HK-081	137.0	3902.0	16370.0	23999.0	22027.0	20884.0	27143.0	36980.0	43791.0	47135.0	55228.0	72849.0	106192.0	149570.0	218731.0	310098.0	462202.0	667089.0	982854.0	1372650.0	2001476.0	2863973.0	4608995.0	8162597.0	20658901.0	144495841.0	61797494.0
	11.0	12.0	13.0	14.0	15.0	16.0	17.0	18.0	19.0	20.0	21.0	22.0	23.0	24.0	25.0	26.0	27.0	28.0	29.0	30.0	31.0	32.0	33.0	34.0	35.0	36.0	37.0
HK-085	264.0	7537.0	36652.0	59311.0	59541.0	58563.0	72221.0	89076.0	105109.0	106267.0	109142.0	122195.0	161055.0	214097.0	300329.0	411760.0	596050.0	836497.0	1204693.0	1653100.0	2378393.0	3395360.0	5464541.0	9553387.0	24153288.0	169977779.0	68416959.0
	9.0	10.0	11.0	12.0	13.0	14.0	15.0	16.0	17.0	18.0	19.0	20.0	21.0	22.0	23.0	24.0	25.0	26.0	27.0	28.0	29.0	30.0	31.0	32.0	33.0	34.0	35.0	36.0	37.0
HK-087	1.0	0.0	371.0	8223.0	24132.0	34041.0	34425.0	33438.0	35630.0	39322.0	46825.0	55037.0	71501.0	95875.0	137149.0	188107.0	266025.0	363762.0	518370.0	721819.0	1044762.0	1445537.0	2090466.0	2978702.0	4751619.0	8370733.0	20901691.0	147436036.0	63554316.0
	11.0	12.0	13.0	14.0	15.0	16.0	17.0	18.0	19.0	20.0	21.0	22.0	23.0	24.0	25.0	26.0	27.0	28.0	29.0	30.0	31.0	32.0	33.0	34.0	35.0	36.0	37.0
HK-095	437.0	15679.0	51665.0	66654.0	66188.0	70860.0	85806.0	94276.0	102256.0	99645.0	105130.0	113515.0	137508.0	172330.0	232456.0	317138.0	459386.0	642292.0	929323.0	1281447.0	1851308.0	2616622.0	4181251.0	7297628.0	17743737.0	143890691.0	70041227.0
	11.0	12.0	13.0	14.0	15.0	16.0	17.0	18.0	19.0	20.0	21.0	22.0	23.0	24.0	25.0	26.0	27.0	28.0	29.0	30.0	31.0	32.0	33.0	34.0	35.0	36.0	37.0
HK-100	207.0	6816.0	28038.0	40405.0	35202.0	28739.0	27077.0	31456.0	44181.0	59828.0	85375.0	118720.0	166237.0	223017.0	309027.0	414463.0	584403.0	807282.0	1162246.0	1604898.0	2270010.0	3202817.0	5117962.0	9078805.0	23626623.0	169746723.0	68267422.0
	11.0	12.0	13.0	14.0	15.0	16.0	17.0	18.0	19.0	20.0	21.0	22.0	23.0	24.0	25.0	26.0	27.0	28.0	29.0	30.0	31.0	32.0	33.0	34.0	35.0	36.0	37.0
HK-104	151.0	4207.0	14417.0	19006.0	17436.0	17545.0	22892.0	27191.0	34829.0	40887.0	55652.0	74527.0	108092.0	150992.0	220366.0	306036.0	452760.0	645009.0	944554.0	1312190.0	1919558.0	2771649.0	4498109.0	7980843.0	20107745.0	127826542.0	51406621.0
	9.0	10.0	11.0	12.0	13.0	14.0	15.0	16.0	17.0	18.0	19.0	20.0	21.0	22.0	23.0	24.0	25.0	26.0	27.0	28.0	29.0	30.0	31.0	32.0	33.0	34.0	35.0	36.0	37.0
HK-107	1.0	0.0	203.0	5574.0	21142.0	28504.0	24512.0	19837.0	20156.0	25126.0	37003.0	52784.0	74542.0	100069.0	132904.0	171915.0	237060.0	325226.0	476553.0	675061.0	990803.0	1375791.0	2007015.0	2878078.0	4647737.0	8209851.0	20528403.0	136769690.0	56296143.0
	11.0	12.0	13.0	14.0	15.0	16.0	17.0	18.0	19.0	20.0	21.0	22.0	23.0	24.0	25.0	26.0	27.0	28.0	29.0	30.0	31.0	32.0	33.0	34.0	35.0	36.0	37.0
HK-108	203.0	4214.0	16672.0	23142.0	20212.0	17041.0	18467.0	23254.0	29967.0	39359.0	57349.0	84297.0	129582.0	184807.0	267652.0	366261.0	525939.0	735544.0	1062628.0	1463536.0	2120236.0	3028450.0	4866412.0	8590634.0	21747591.0	149197408.0	63381414.0
	11.0	12.0	13.0	14.0	15.0	16.0	17.0	18.0	19.0	20.0	21.0	22.0	23.0	24.0	25.0	26.0	27.0	28.0	29.0	30.0	31.0	32.0	33.0	34.0	35.0	36.0	37.0
HK-114	127.0	3017.0	13661.0	19883.0	18025.0	15242.0	15473.0	17724.0	23497.0	29232.0	36308.0	45031.0	61383.0	83036.0	114339.0	151762.0	207556.0	274802.0	381044.0	508632.0	719476.0	1005446.0	1608337.0	2927746.0	8200256.0	61549575.0	20964602.0
	11.0	12.0	13.0	14.0	15.0	16.0	17.0	18.0	19.0	20.0	21.0	22.0	23.0	24.0	25.0	26.0	27.0	28.0	29.0	30.0	31.0	32.0	33.0	34.0	35.0	36.0	37.0
HK-115	209.0	6064.0	20714.0	26807.0	23135.0	20211.0	22601.0	28411.0	40466.0	54248.0	76489.0	102329.0	143893.0	192880.0	268519.0	369016.0	537094.0	761265.0	1106752.0	1531771.0	2226538.0	3187548.0	5135761.0	9036778.0	22685238.0	150798514.0	61597025.0
	11.0	12.0	13.0	14.0	15.0	16.0	17.0	18.0	19.0	20.0	21.0	22.0	23.0	24.0	25.0	26.0	27.0	28.0	29.0	30.0	31.0	32.0	33.0	34.0	35.0	36.0	37.0
HK-116	139.0	3126.0	14106.0	22354.0	22269.0	24063.0	34129.0	41088.0	41436.0	42169.0	51629.0	72187.0	107720.0	152288.0	220388.0	308804.0	454643.0	647652.0	951157.0	1328769.0	1936690.0	2794167.0	4509576.0	7915589.0	19350660.0	123047040.0	50000165.0
	11.0	12.0	13.0	14.0	15.0	16.0	17.0	18.0	19.0	20.0	21.0	22.0	23.0	24.0	25.0	26.0	27.0	28.0	29.0	30.0	31.0	32.0	33.0	34.0	35.0	36.0	37.0
HK-119	100.0	2337.0	11236.0	17714.0	18037.0	18940.0	25966.0	33188.0	37185.0	38408.0	47416.0	63479.0	92966.0	132726.0	196581.0	280571.0	419312.0	605428.0	889693.0	1239269.0	1807538.0	2603867.0	4203888.0	7405817.0	18591353.0	134754170.0	60083110.0
	11.0	12.0	13.0	14.0	15.0	16.0	17.0	18.0	19.0	20.0	21.0	22.0	23.0	24.0	25.0	26.0	27.0	28.0	29.0	30.0	31.0	32.0	33.0	34.0	35.0	36.0	37.0
HK-124	150.0	3707.0	16534.0	24498.0	24540.0	26931.0	38150.0	44662.0	47062.0	49872.0	62827.0	85881.0	128216.0	183799.0	266760.0	372573.0	541859.0	765497.0	1119387.0	1547719.0	2255535.0	3235991.0	5235052.0	9254337.0	23121095.0	153489203.0	62816627.0
	10.0	11.0	12.0	13.0	14.0	15.0	16.0	17.0	18.0	19.0	20.0	21.0	22.0	23.0	24.0	25.0	26.0	27.0	28.0	29.0	30.0	31.0	32.0	33.0	34.0	35.0	36.0	37.0
HK-126	11.0	220.0	5448.0	20251.0	26778.0	21974.0	17899.0	19491.0	25741.0	39037.0	58022.0	86807.0	122207.0	174425.0	237498.0	333579.0	455620.0	660217.0	935378.0	1357835.0	1878444.0	2737666.0	3930011.0	6356839.0	11244978.0	28210722.0	175443823.0	66947810.0
	11.0	12.0	13.0	14.0	15.0	16.0	17.0	18.0	19.0	20.0	21.0	22.0	23.0	24.0	25.0	26.0	27.0	28.0	29.0	30.0	31.0	32.0	33.0	34.0	35.0	36.0	37.0
HK-127	165.0	3858.0	15720.0	22212.0	19098.0	15795.0	17882.0	23381.0	34359.0	45445.0	61250.0	83774.0	122893.0	171597.0	246180.0	336991.0	487941.0	685022.0	994828.0	1377447.0	2002467.0	2883044.0	4660419.0	8206846.0	20491380.0	134316894.0	54831448.0
	11.0	12.0	13.0	14.0	15.0	16.0	17.0	18.0	19.0	20.0	21.0	22.0	23.0	24.0	25.0	26.0	27.0	28.0	29.0	30.0	31.0	32.0	33.0	34.0	35.0	36.0	37.0
HK-131	157.0	5103.0	16564.0	20669.0	17664.0	15352.0	16938.0	22239.0	34202.0	50155.0	73452.0	97552.0	133551.0	172737.0	233889.0	318156.0	459418.0	649902.0	945982.0	1309649.0	1908870.0	2753188.0	4447285.0	7836896.0	19745906.0	130695270.0	52743502.0
	11.0	12.0	13.0	14.0	15.0	16.0	17.0	18.0	19.0	20.0	21.0	22.0	23.0	24.0	25.0	26.0	27.0	28.0	29.0	30.0	31.0	32.0	33.0	34.0	35.0	36.0	37.0
HK-133	193.0	6968.0	23936.0	31682.0	27837.0	23828.0	23888.0	27487.0	36799.0	50526.0	72276.0	91794.0	114115.0	128185.0	146698.0	166058.0	209636.0	270802.0	369640.0	492459.0	707018.0	995005.0	1545244.0	2757059.0	7695965.0	52250761.0	16493155.0
	11.0	12.0	13.0	14.0	15.0	16.0	17.0	18.0	19.0	20.0	21.0	22.0	23.0	24.0	25.0	26.0	27.0	28.0	29.0	30.0	31.0	32.0	33.0	34.0	35.0	36.0	37.0
HK-134	130.0	2998.0	15421.0	25775.0	29432.0	35431.0	60211.0	74170.0	66281.0	56224.0	62196.0	85700.0	129908.0	183633.0	266465.0	369986.0	539980.0	757342.0	1100245.0	1526596.0	2239074.0	3216212.0	5108299.0	8883546.0	22211939.0	146946849.0	59243811.0
	11.0	12.0	13.0	14.0	15.0	16.0	17.0	18.0	19.0	20.0	21.0	22.0	23.0	24.0	25.0	26.0	27.0	28.0	29.0	30.0	31.0	32.0	33.0	34.0	35.0	36.0	37.0
HK-139	69.0	1967.0	9016.0	14718.0	14480.0	15914.0	22586.0	25517.0	24814.0	25996.0	34703.0	48059.0	72048.0	102019.0	148738.0	208302.0	302897.0	431015.0	627347.0	869706.0	1263379.0	1805732.0	2911752.0	5121545.0	12824710.0	88166822.0	37268144.0
	11.0	12.0	13.0	14.0	15.0	16.0	17.0	18.0	19.0	20.0	21.0	22.0	23.0	24.0	25.0	26.0	27.0	28.0	29.0	30.0	31.0	32.0	33.0	34.0	35.0	36.0	37.0
HK006_0016	25.0	523.0	2897.0	5139.0	5290.0	5557.0	6763.0	8720.0	13163.0	17159.0	24607.0	32368.0	43424.0	55422.0	75602.0	101426.0	147817.0	207275.0	300735.0	419833.0	627665.0	876051.0	1426369.0	2701746.0	8805132.0	60881365.0	15088662.0
	3.0	4.0	5.0	6.0	7.0	8.0	9.0	10.0	11.0	12.0	13.0	14.0	15.0	16.0	17.0	18.0	19.0	20.0	21.0	22.0	23.0	24.0	25.0	26.0	27.0	28.0	29.0	30.0	31.0	32.0	33.0	34.0	35.0	36.0	37.0
HK010_0026	7.0	210.0	684.0	1172.0	3150.0	3869.0	1156.0	711.0	732.0	2768.0	9803.0	14351.0	13973.0	13180.0	14905.0	19404.0	30922.0	45849.0	69098.0	92516.0	126138.0	162574.0	223989.0	302910.0	433109.0	600718.0	861578.0	1180456.0	1691238.0	2402388.0	3903826.0	7475579.0	26927587.0	120232049.0	29626032.0
	11.0	12.0	13.0	14.0	15.0	16.0	17.0	18.0	19.0	20.0	21.0	22.0	23.0	24.0	25.0	26.0	27.0	28.0	29.0	30.0	31.0	32.0	33.0	34.0	35.0	36.0	37.0
HK011_0029	39.0	991.0	4433.0	6805.0	6546.0	5745.0	6560.0	9420.0	13483.0	18566.0	25373.0	34279.0	48338.0	65519.0	92623.0	126368.0	180983.0	248425.0	354105.0	477163.0	682809.0	970982.0	1559811.0	2787784.0	7706106.0	65516507.0	28676817.0
	11.0	12.0	13.0	14.0	15.0	16.0	17.0	18.0	19.0	20.0	21.0	22.0	23.0	24.0	25.0	26.0	27.0	28.0	29.0	30.0	31.0	32.0	33.0	34.0	35.0	36.0	37.0
HK024_0065	52.0	1331.0	6059.0	8516.0	7859.0	7075.0	7903.0	10863.0	15645.0	21372.0	29109.0	38421.0	55617.0	75639.0	106366.0	141919.0	199417.0	271411.0	380570.0	511462.0	728453.0	1033490.0	1652211.0	2927845.0	8060624.0	73750433.0	34284272.0
	11.0	12.0	13.0	14.0	15.0	16.0	17.0	18.0	19.0	20.0	21.0	22.0	23.0	24.0	25.0	26.0	27.0	28.0	29.0	30.0	31.0	32.0	33.0	34.0	35.0	36.0	37.0
HK028_0073	104.0	2602.0	8029.0	9850.0	8657.0	7425.0	7744.0	10153.0	15919.0	24786.0	38611.0	54547.0	76759.0	96691.0	126392.0	156099.0	207353.0	274426.0	382170.0	514608.0	740069.0	1058928.0	1715047.0	3070515.0	8395112.0	66626522.0	27811128.0
	11.0	12.0	13.0	14.0	15.0	16.0	17.0	18.0	19.0	20.0	21.0	22.0	23.0	24.0	25.0	26.0	27.0	28.0	29.0	30.0	31.0	32.0	33.0	34.0	35.0	36.0	37.0
HK044_0109	49.0	1025.0	4874.0	8248.0	7641.0	6610.0	7970.0	11189.0	16394.0	21893.0	26895.0	32894.0	44240.0	57457.0	79125.0	108025.0	154087.0	212686.0	303942.0	410630.0	588589.0	839731.0	1344473.0	2387582.0	6472750.0	58978291.0	27612635.0
	11.0	12.0	13.0	14.0	15.0	16.0	17.0	18.0	19.0	20.0	21.0	22.0	23.0	24.0	25.0	26.0	27.0	28.0	29.0	30.0	31.0	32.0	33.0	34.0	35.0	36.0	37.0
HK044_0110	155.0	3433.0	11666.0	15072.0	12960.0	10676.0	11372.0	14292.0	21712.0	33565.0	53779.0	79647.0	122960.0	177311.0	266244.0	376556.0	542360.0	738452.0	1019173.0	1315635.0	1764519.0	2343933.0	3541809.0	6111341.0	16332067.0	107743527.0	37669506.0
	3.0	4.0	5.0	6.0	7.0	8.0	9.0	10.0	11.0	12.0	13.0	14.0	15.0	16.0	17.0	18.0	19.0	20.0	21.0	22.0	23.0	24.0	25.0	26.0	27.0	28.0	29.0	30.0	31.0	32.0	33.0	34.0	35.0	36.0	37.0
HK085-001	8.0	249.0	742.0	1242.0	3417.0	3917.0	1167.0	762.0	873.0	4018.0	11885.0	16645.0	15493.0	15198.0	17649.0	24456.0	37336.0	53327.0	72451.0	94966.0	129439.0	169339.0	235540.0	318046.0	451274.0	621558.0	877882.0	1190349.0	1693592.0	2412448.0	3910296.0	7425104.0	26605068.0	114209893.0	27392100.0
	2.0	3.0	4.0	5.0	6.0	7.0	8.0	9.0	10.0	11.0	12.0	13.0	14.0	15.0	16.0	17.0	18.0	19.0	20.0	21.0	22.0	23.0	24.0	25.0	26.0	27.0	28.0	29.0	30.0	31.0	32.0	33.0	34.0	35.0	36.0	37.0	38.0	39.0
HK088-001_2	466200.0	181189.0	131199.0	97248.0	79405.0	71226.0	67141.0	66174.0	67550.0	69459.0	72704.0	77581.0	83872.0	91503.0	101291.0	112196.0	128924.0	190416.0	302192.0	375007.0	429703.0	502406.0	578092.0	655358.0	743561.0	840999.0	945943.0	1082360.0	1260589.0	1512973.0	1892159.0	2521552.0	3794095.0	8111569.0	47054156.0	1965715.0	4214617.0	10999431.0
	11.0	12.0	13.0	14.0	15.0	16.0	17.0	18.0	19.0	20.0	21.0	22.0	23.0	24.0	25.0	26.0	27.0	28.0	29.0	30.0	31.0	32.0	33.0	34.0	35.0	36.0	37.0
HK101-001	88.0	2433.0	12074.0	19021.0	18221.0	15637.0	16036.0	18414.0	27357.0	41842.0	68335.0	104614.0	159491.0	221930.0	310247.0	412623.0	578981.0	791585.0	1116751.0	1518492.0	2178189.0	3075049.0	4906098.0	8741309.0	24009178.0	140902126.0	41632451.0
	11.0	12.0	13.0	14.0	15.0	16.0	17.0	18.0	19.0	20.0	21.0	22.0	23.0	24.0	25.0	26.0	27.0	28.0	29.0	30.0	31.0	32.0	33.0	34.0	35.0	36.0	37.0
HK106-001	64.0	1557.0	4482.0	5988.0	5950.0	5738.0	7181.0	9490.0	13625.0	18491.0	25671.0	34722.0	50041.0	69240.0	97824.0	132026.0	186126.0	254706.0	359609.0	487070.0	701907.0	1008459.0	1634955.0	2917232.0	7941548.0	63704647.0	26920250.0
	11.0	12.0	13.0	14.0	15.0	16.0	17.0	18.0	19.0	20.0	21.0	22.0	23.0	24.0	25.0	26.0	27.0	28.0	29.0	30.0	31.0	32.0	33.0	34.0	35.0	36.0	37.0
HK117_001	110.0	2136.0	8812.0	13060.0	12530.0	11521.0	12762.0	15528.0	22682.0	32375.0	49882.0	72098.0	107802.0	152385.0	219987.0	309965.0	453022.0	630495.0	903852.0	1210734.0	1694664.0	2309213.0	3553169.0	6119449.0	15986348.0	110026308.0	38833080.0
	11.0	12.0	13.0	14.0	15.0	16.0	17.0	18.0	19.0	20.0	21.0	22.0	23.0	24.0	25.0	26.0	27.0	28.0	29.0	30.0	31.0	32.0	33.0	34.0	35.0	36.0	37.0
INMR_IV_615	61.0	1373.0	7510.0	15373.0	18643.0	20264.0	22680.0	23554.0	26800.0	33505.0	50703.0	78610.0	124933.0	180571.0	260935.0	354068.0	500119.0	686839.0	964962.0	1281830.0	1774813.0	2400297.0	3593528.0	5897851.0	14166160.0	99787021.0	40437435.0
	2.0	3.0	4.0	5.0	6.0	7.0	8.0	9.0	10.0	11.0	12.0	13.0	14.0	15.0	16.0	17.0	18.0	19.0	20.0	21.0	22.0	23.0	24.0	25.0	26.0	27.0	28.0	29.0	30.0	31.0	32.0	33.0	34.0	35.0	36.0	37.0	38.0	39.0
MESP014_2	45486.0	22916.0	9518.0	8934.0	8910.0	9986.0	10549.0	11105.0	12260.0	13456.0	15042.0	16573.0	18689.0	21950.0	25850.0	28888.0	35137.0	61386.0	108771.0	139790.0	159189.0	179472.0	202013.0	229451.0	260281.0	288880.0	324016.0	373182.0	421385.0	487917.0	576125.0	696384.0	865966.0	1123749.0	1578015.0	2546852.0	5967690.0	55433349.0
	2.0	3.0	4.0	5.0	6.0	7.0	8.0	9.0	10.0	11.0	12.0	13.0	14.0	15.0	16.0	17.0	18.0	19.0	20.0	21.0	22.0	23.0	24.0	25.0	26.0	27.0	28.0	29.0	30.0	31.0	32.0	33.0	34.0	35.0	36.0	37.0	38.0	39.0
NH12-843_Fibroblasts	90374.0	18134.0	11652.0	10428.0	10529.0	10911.0	10998.0	11660.0	12140.0	13228.0	14672.0	15746.0	17909.0	20101.0	22628.0	26052.0	31319.0	51858.0	88754.0	109814.0	120065.0	134971.0	165618.0	160352.0	172317.0	183108.0	201952.0	230822.0	252361.0	287135.0	334565.0	398280.0	490263.0	632986.0	881502.0	1425571.0	3371598.0	40127131.0
	2.0	3.0	4.0	5.0	6.0	7.0	8.0	9.0	10.0	11.0	12.0	13.0	14.0	15.0	16.0	17.0	18.0	19.0	20.0	21.0	22.0	23.0	24.0	25.0	26.0	27.0	28.0	29.0	30.0	31.0	32.0	33.0	34.0	35.0	36.0
RGP_7_1_2	820011.0	351370.0	241672.0	178248.0	151528.0	144855.0	146037.0	152531.0	168078.0	187673.0	206567.0	221306.0	233979.0	249341.0	267782.0	294356.0	325802.0	366204.0	403877.0	463838.0	548255.0	665310.0	811197.0	964731.0	1150443.0	1386408.0	1661045.0	2026975.0	2493050.0	3133862.0	4048399.0	5480244.0	8098358.0	14673856.0	40890175.0
	2.0	3.0	4.0	5.0	6.0	7.0	8.0	9.0	10.0	11.0	12.0	13.0	14.0	15.0	16.0	17.0	18.0	19.0	20.0	21.0	22.0	23.0	24.0	25.0	26.0	27.0	28.0	29.0	30.0	31.0	32.0	33.0	34.0	35.0	36.0
RGP_7_2_2	820734.0	326300.0	225818.0	165495.0	140572.0	132984.0	134260.0	139945.0	153115.0	169552.0	186792.0	199343.0	212990.0	227568.0	246665.0	270198.0	300460.0	337505.0	373228.0	431219.0	510205.0	619999.0	752285.0	900091.0	1076281.0	1294393.0	1559647.0	1904652.0	2356359.0	2985380.0	3892851.0	5346176.0	7995184.0	14628038.0	40557458.0
	2.0	3.0	4.0	5.0	6.0	7.0	8.0	9.0	10.0	11.0	12.0	13.0	14.0	15.0	16.0	17.0	18.0	19.0	20.0	21.0	22.0	23.0	24.0	25.0	26.0	27.0	28.0	29.0	30.0	31.0	32.0	33.0	34.0	35.0	36.0
RGP_7_3_2	742100.0	303498.0	211529.0	156791.0	134809.0	130080.0	130005.0	135035.0	147486.0	164293.0	180141.0	194196.0	207480.0	222699.0	243792.0	268912.0	300444.0	338832.0	374240.0	433348.0	517470.0	635724.0	783152.0	931309.0	1114165.0	1344912.0	1616415.0	1973087.0	2451141.0	3110762.0	4091152.0	5653338.0	8560230.0	15978684.0	48084495.0
	2.0	3.0	4.0	5.0	6.0	7.0	8.0	9.0	10.0	11.0	12.0	13.0	14.0	15.0	16.0	17.0	18.0	19.0	20.0	21.0	22.0	23.0	24.0	25.0	26.0	27.0	28.0	29.0	30.0	31.0	32.0	33.0	34.0	35.0	36.0
RGP_7_4_2	661509.0	252819.0	179394.0	132185.0	113599.0	107705.0	107607.0	111087.0	120211.0	131687.0	144173.0	155180.0	166884.0	178130.0	194359.0	214635.0	240062.0	272054.0	297878.0	346958.0	414560.0	508707.0	627539.0	743885.0	889655.0	1072344.0	1287194.0	1568370.0	1943911.0	2469472.0	3254183.0	4524300.0	6923935.0	13102570.0	40689977.0
	2.0	3.0	4.0	5.0	6.0	7.0	8.0	9.0	10.0	11.0	12.0	13.0	14.0	15.0	16.0	17.0	18.0	19.0	20.0	21.0	22.0	23.0	24.0	25.0	26.0	27.0	28.0	29.0	30.0	31.0	32.0	33.0	34.0	35.0	36.0
RGP_7_5_2	772175.0	281609.0	200971.0	148658.0	126470.0	119806.0	119287.0	124467.0	133647.0	145882.0	157739.0	169809.0	182256.0	196107.0	213810.0	236812.0	266174.0	301213.0	333155.0	386661.0	464817.0	573437.0	711189.0	840827.0	1007690.0	1211355.0	1456262.0	1779911.0	2206427.0	2818440.0	3730173.0	5221812.0	8028216.0	15103796.0	42829218.0
	2.0	3.0	4.0	5.0	6.0	7.0	8.0	9.0	10.0	11.0	12.0	13.0	14.0	15.0	16.0	17.0	18.0	19.0	20.0	21.0	22.0	23.0	24.0	25.0	26.0	27.0	28.0	29.0	30.0	31.0	32.0	33.0	34.0	35.0	36.0
SWE_36223_1	1053661.0	344414.0	263496.0	191568.0	149339.0	133951.0	127448.0	122066.0	123651.0	126623.0	130571.0	135422.0	141324.0	149340.0	161673.0	174765.0	193469.0	219697.0	256650.0	309266.0	398138.0	531631.0	683373.0	824405.0	986631.0	1171397.0	1361276.0	1612016.0	1943517.0	2395791.0	3059237.0	4152658.0	6306881.0	13002647.0	91233089.0
	2.0	3.0	4.0	5.0	6.0	7.0	8.0	9.0	10.0	11.0	12.0	13.0	14.0	15.0	16.0	17.0	18.0	19.0	20.0	21.0	22.0	23.0	24.0	25.0	26.0	27.0	28.0	29.0	30.0	31.0	32.0	33.0	34.0	35.0	36.0
SWE_36326_1	1201621.0	404496.0	296907.0	209007.0	161782.0	142616.0	134357.0	127964.0	130691.0	134222.0	138068.0	142504.0	147919.0	156020.0	167647.0	182445.0	200005.0	225902.0	263202.0	316591.0	404977.0	539740.0	687773.0	830990.0	995440.0	1182256.0	1380289.0	1641453.0	1974124.0	2439661.0	3128788.0	4266617.0	6528011.0	13567847.0	88266856.0
	10.0	11.0	12.0	13.0	14.0	15.0	16.0	17.0	18.0	19.0	20.0	21.0	22.0	23.0	24.0	25.0	26.0	27.0	28.0	29.0	30.0	31.0	32.0	33.0	34.0	35.0	36.0	37.0
VCGS_DLS_FAM1_1	3.0	55.0	2039.0	8842.0	10908.0	9981.0	8915.0	8675.0	10034.0	14951.0	25893.0	51248.0	92188.0	159737.0	242143.0	357782.0	489327.0	696046.0	958575.0	1339706.0	1762446.0	2411546.0	3230177.0	4847128.0	8036412.0	19303217.0	86749472.0	21481667.0
	2.0	3.0	4.0	5.0	6.0	7.0	8.0	9.0	10.0	11.0	12.0	13.0	14.0	15.0	16.0	17.0	18.0	19.0	20.0	21.0	22.0	23.0	24.0	25.0	26.0	27.0	28.0	29.0	30.0	31.0	32.0	33.0	34.0	35.0	36.0
VCGS_FAM11_32_2	999792.0	278716.0	207666.0	153570.0	121106.0	104562.0	96156.0	94853.0	95709.0	96891.0	97005.0	97611.0	100060.0	104787.0	113916.0	124994.0	138999.0	156828.0	181112.0	218418.0	279447.0	374139.0	490435.0	573397.0	680824.0	813535.0	921398.0	1085627.0	1291033.0	1577886.0	1994221.0	2688418.0	4093063.0	9191031.0	66544830.0
	2.0	3.0	4.0	5.0	6.0	7.0	8.0	9.0	10.0	11.0	12.0	13.0	14.0	15.0	16.0	17.0	18.0	19.0	20.0	21.0	22.0	23.0	24.0	25.0	26.0	27.0	28.0	29.0	30.0	31.0	32.0	33.0	34.0	35.0	36.0
VCGS_FAM12_36_2	1008942.0	293731.0	217500.0	163612.0	130233.0	112546.0	104892.0	103728.0	106260.0	106579.0	106981.0	106402.0	109470.0	114981.0	125262.0	135928.0	152338.0	171941.0	199395.0	239575.0	308404.0	412495.0	530348.0	643691.0	768417.0	911837.0	1064622.0	1258082.0	1510270.0	1852500.0	2363411.0	3207497.0	4938267.0	11353906.0	83673569.0
	11.0	12.0	13.0	14.0	15.0	16.0	17.0	18.0	19.0	20.0	21.0	22.0	23.0	24.0	25.0	26.0	27.0	28.0	29.0	30.0	31.0	32.0	33.0	34.0	35.0	36.0	37.0
VCGS_FAM147_459_2	42.0	1354.0	9492.0	17947.0	18974.0	17798.0	19202.0	21491.0	25797.0	33752.0	47546.0	70981.0	108356.0	157319.0	233203.0	323027.0	472115.0	661313.0	941310.0	1257550.0	1746663.0	2241008.0	3235829.0	5156385.0	12504384.0	77889705.0	23001213.0
	11.0	12.0	13.0	14.0	15.0	16.0	17.0	18.0	19.0	20.0	21.0	22.0	23.0	24.0	25.0	26.0	27.0	28.0	29.0	30.0	31.0	32.0	33.0	34.0	35.0	36.0	37.0
VCGS_FAM148_462_2	33.0	1064.0	7009.0	15464.0	20607.0	23588.0	30445.0	38428.0	44612.0	47668.0	56893.0	81254.0	130811.0	200162.0	299454.0	416228.0	602650.0	839131.0	1185778.0	1575422.0	2187017.0	2835747.0	4076545.0	6548795.0	15764156.0	90504478.0	26069855.0
	11.0	12.0	13.0	14.0	15.0	16.0	17.0	18.0	19.0	20.0	21.0	22.0	23.0	24.0	25.0	26.0	27.0	28.0	29.0	30.0	31.0	32.0	33.0	34.0	35.0	36.0	37.0
VCGS_FAM149_465_2	16.0	905.0	8546.0	19939.0	23501.0	26127.0	31738.0	36977.0	45741.0	50162.0	60669.0	79783.0	122785.0	183650.0	275843.0	390404.0	572428.0	806552.0	1149548.0	1527720.0	2107030.0	2826787.0	4056373.0	6440491.0	15613507.0	95214502.0	27375535.0
	11.0	12.0	13.0	14.0	15.0	16.0	17.0	18.0	19.0	20.0	21.0	22.0	23.0	24.0	25.0	26.0	27.0	28.0	29.0	30.0	31.0	32.0	33.0	34.0	35.0	36.0	37.0
VCGS_FAM150_468_2	31.0	844.0	5845.0	13931.0	18706.0	21161.0	25913.0	31740.0	38649.0	44870.0	55433.0	79806.0	128419.0	195519.0	296422.0	420121.0	616453.0	865873.0	1230407.0	1632606.0	2235442.0	2973737.0	4385757.0	7023217.0	16522607.0	96562031.0	28369440.0
	2.0	3.0	4.0	5.0	6.0	7.0	8.0	9.0	10.0	11.0	12.0	13.0	14.0	15.0	16.0	17.0	18.0	19.0	20.0	21.0	22.0	23.0	24.0	25.0	26.0	27.0	28.0	29.0	30.0	31.0	32.0	33.0	34.0	35.0	36.0
VCGS_FAM1_1_2	1112225.0	311694.0	236472.0	176441.0	140070.0	121726.0	111727.0	111003.0	112996.0	113782.0	114207.0	114397.0	116927.0	122171.0	131718.0	144894.0	160541.0	181403.0	210243.0	252636.0	323635.0	433444.0	552212.0	666193.0	792654.0	933255.0	1084521.0	1273650.0	1516902.0	1850659.0	2342525.0	3155334.0	4829065.0	10836385.0	76689297.0
	2.0	3.0	4.0	5.0	6.0	7.0	8.0	9.0	10.0	11.0	12.0	13.0	14.0	15.0	16.0	17.0	18.0	19.0	20.0	21.0	22.0	23.0	24.0	25.0	26.0	27.0	28.0	29.0	30.0	31.0	32.0	33.0	34.0	35.0	36.0
VCGS_FAM27_84_2	976216.0	258667.0	193109.0	143501.0	112652.0	98338.0	90626.0	88855.0	89774.0	91009.0	91001.0	92502.0	95240.0	99335.0	108516.0	118497.0	130648.0	148477.0	171061.0	205695.0	263209.0	352276.0	453351.0	540150.0	637696.0	755065.0	867600.0	1018615.0	1208448.0	1469994.0	1850292.0	2487301.0	3777790.0	8414058.0	62358835.0
	11.0	12.0	13.0	14.0	15.0	16.0	17.0	18.0	19.0	20.0	21.0	22.0	23.0	24.0	25.0	26.0	27.0	28.0	29.0	30.0	31.0	32.0	33.0	34.0	35.0	36.0	37.0
VCGS_FAM29_90	36.0	723.0	3089.0	5280.0	5540.0	5594.0	6378.0	7772.0	10846.0	14590.0	21781.0	30842.0	44926.0	60891.0	85768.0	115020.0	161305.0	221644.0	311861.0	426948.0	626057.0	919439.0	1536241.0	2871306.0	8199297.0	61160692.0	23516852.0
	11.0	12.0	13.0	14.0	15.0	16.0	17.0	18.0	19.0	20.0	21.0	22.0	23.0	24.0	25.0	26.0	27.0	28.0	29.0	30.0	31.0	32.0	33.0	34.0	35.0	36.0	37.0
VCGS_FAM2_4_2	42.0	2602.0	30143.0	101321.0	172040.0	253161.0	395505.0	465418.0	441507.0	312610.0	191178.0	136576.0	146301.0	190432.0	273035.0	377728.0	545874.0	762887.0	1080142.0	1438574.0	2035321.0	2974103.0	4332313.0	5885534.0	13325523.0	88965188.0	27938833.0
	2.0	3.0	4.0	5.0	6.0	7.0	8.0	9.0	10.0	11.0	12.0	13.0	14.0	15.0	16.0	17.0	18.0	19.0	20.0	21.0	22.0	23.0	24.0	25.0	26.0	27.0	28.0	29.0	30.0	31.0	32.0	33.0	34.0	35.0	36.0
VCGS_FAM31_97_2	1219586.0	335268.0	239671.0	174174.0	136971.0	117824.0	108482.0	106323.0	108477.0	109082.0	109058.0	110213.0	111758.0	118392.0	127293.0	139418.0	154382.0	173648.0	201542.0	240086.0	306771.0	408373.0	519488.0	623527.0	739425.0	869452.0	1009266.0	1181604.0	1406355.0	1712110.0	2168228.0	2916712.0	4452806.0	9976811.0	73717917.0
	11.0	12.0	13.0	14.0	15.0	16.0	17.0	18.0	19.0	20.0	21.0	22.0	23.0	24.0	25.0	26.0	27.0	28.0	29.0	30.0	31.0	32.0	33.0	34.0	35.0	36.0	37.0
VCGS_FAM39_123	40.0	995.0	4072.0	6004.0	5943.0	5636.0	6582.0	8424.0	11445.0	14297.0	19658.0	26421.0	37412.0	51375.0	71534.0	96069.0	134508.0	185760.0	264025.0	363162.0	532907.0	782052.0	1303604.0	2432540.0	6899014.0	49263761.0	18924440.0
	11.0	12.0	13.0	14.0	15.0	16.0	17.0	18.0	19.0	20.0	21.0	22.0	23.0	24.0	25.0	26.0	27.0	28.0	29.0	30.0	31.0	32.0	33.0	34.0	35.0	36.0	37.0
VCGS_FAM3_7_2	48.0	2598.0	14706.0	25441.0	25813.0	25040.0	25941.0	27796.0	33360.0	41720.0	60553.0	92218.0	146598.0	216465.0	316698.0	435108.0	623588.0	865095.0	1231842.0	1685912.0	2201140.0	2864890.0	4157479.0	6602026.0	15886553.0	97886618.0	29726486.0
	2.0	3.0	4.0	5.0	6.0	7.0	8.0	9.0	10.0	11.0	12.0	13.0	14.0	15.0	16.0	17.0	18.0	19.0	20.0	21.0	22.0	23.0	24.0	25.0	26.0	27.0	28.0	29.0	30.0	31.0	32.0	33.0	34.0	35.0	36.0
VCGS_FAM41_129_2	868586.0	256083.0	189371.0	139166.0	109847.0	95122.0	87585.0	85900.0	87521.0	88479.0	87792.0	88270.0	89972.0	94720.0	103107.0	112866.0	124949.0	140761.0	163321.0	196357.0	250745.0	333998.0	434091.0	517332.0	616579.0	733402.0	847481.0	1000921.0	1200723.0	1471796.0	1875261.0	2544340.0	3925754.0	8946283.0	61342415.0
	2.0	3.0	4.0	5.0	6.0	7.0	8.0	9.0	10.0	11.0	12.0	13.0	14.0	15.0	16.0	17.0	18.0	19.0	20.0	21.0	22.0	23.0	24.0	25.0	26.0	27.0	28.0	29.0	30.0	31.0	32.0	33.0	34.0	35.0	36.0
VCGS_FAM42_132_2	1043440.0	292526.0	208994.0	153440.0	120135.0	102665.0	94312.0	92178.0	93513.0	95429.0	94762.0	95874.0	98324.0	103343.0	112144.0	123344.0	136487.0	153602.0	176904.0	211820.0	270540.0	361487.0	464565.0	553769.0	656402.0	782805.0	903958.0	1067302.0	1275998.0	1563905.0	1988234.0	2700835.0	4151973.0	9366854.0	63051874.0
	11.0	12.0	13.0	14.0	15.0	16.0	17.0	18.0	19.0	20.0	21.0	22.0	23.0	24.0	25.0	26.0	27.0	28.0	29.0	30.0	31.0	32.0	33.0	34.0	35.0	36.0	37.0
VCGS_FAM49_153	45.0	1057.0	4241.0	6328.0	5774.0	5034.0	5984.0	7998.0	12390.0	18443.0	27628.0	39359.0	58403.0	81079.0	112856.0	148339.0	203315.0	271749.0	379266.0	522122.0	769191.0	1116176.0	1855891.0	3459095.0	9721834.0	65689698.0	24613674.0
	2.0	3.0	4.0	5.0	6.0	7.0	8.0	9.0	10.0	11.0	12.0	13.0	14.0	15.0	16.0	17.0	18.0	19.0	20.0	21.0	22.0	23.0	24.0	25.0	26.0	27.0	28.0	29.0	30.0	31.0	32.0	33.0	34.0	35.0	36.0
VCGS_FAM4_13_2	986610.0	272578.0	206499.0	156384.0	125919.0	110612.0	103846.0	103383.0	105121.0	106336.0	107520.0	107836.0	110287.0	115743.0	124392.0	137256.0	150598.0	171058.0	197973.0	237442.0	304679.0	405814.0	516550.0	625739.0	745588.0	878433.0	1019050.0	1197871.0	1427250.0	1734942.0	2194558.0	2950798.0	4503303.0	10208072.0	78851467.0
	11.0	12.0	13.0	14.0	15.0	16.0	17.0	18.0	19.0	20.0	21.0	22.0	23.0	24.0	25.0	26.0	27.0	28.0	29.0	30.0	31.0	32.0	33.0	34.0	35.0	36.0	37.0
VCGS_FAM52_162_3	24.0	1061.0	6980.0	11856.0	12733.0	13198.0	15713.0	17873.0	24323.0	33616.0	51982.0	82694.0	135936.0	204781.0	301259.0	410480.0	592191.0	820714.0	1156037.0	1528957.0	2093057.0	2784457.0	4117956.0	6616157.0	15604979.0	85246219.0	24397899.0
	11.0	12.0	13.0	14.0	15.0	16.0	17.0	18.0	19.0	20.0	21.0	22.0	23.0	24.0	25.0	26.0	27.0	28.0	29.0	30.0	31.0	32.0	33.0	34.0	35.0	36.0	37.0
VCGS_FAM58_181	48.0	824.0	4570.0	8676.0	9728.0	9798.0	12355.0	16163.0	18480.0	17970.0	20825.0	27175.0	38776.0	52611.0	74107.0	100612.0	139873.0	190675.0	267299.0	364888.0	527636.0	774100.0	1287927.0	2418305.0	7043162.0	60995616.0	25568691.0
	11.0	12.0	13.0	14.0	15.0	16.0	17.0	18.0	19.0	20.0	21.0	22.0	23.0	24.0	25.0	26.0	27.0	28.0	29.0	30.0	31.0	32.0	33.0	34.0	35.0	36.0	37.0
VCGS_FAM61_190	49.0	1097.0	4313.0	6310.0	5896.0	5104.0	6092.0	9314.0	14722.0	22240.0	32986.0	46555.0	65807.0	88696.0	122958.0	163145.0	227683.0	310874.0	441911.0	606538.0	891952.0	1308853.0	2176069.0	4050004.0	11335187.0	74432984.0	27200669.0
	11.0	12.0	13.0	14.0	15.0	16.0	17.0	18.0	19.0	20.0	21.0	22.0	23.0	24.0	25.0	26.0	27.0	28.0	29.0	30.0	31.0	32.0	33.0	34.0	35.0	36.0	37.0
VCGS_FAM67_209	54.0	1176.0	5111.0	7733.0	7127.0	6190.0	7281.0	9353.0	13116.0	17534.0	24689.0	33513.0	46894.0	63013.0	86500.0	115749.0	163489.0	225074.0	319284.0	438526.0	638707.0	935922.0	1563604.0	2926886.0	8427138.0	64026474.0	25156070.0
	11.0	12.0	13.0	14.0	15.0	16.0	17.0	18.0	19.0	20.0	21.0	22.0	23.0	24.0	25.0	26.0	27.0	28.0	29.0	30.0	31.0	32.0	33.0	34.0	35.0	36.0	37.0
VCGS_FAM73_227_2	47.0	1123.0	9014.0	20020.0	23467.0	25078.0	29565.0	34857.0	43874.0	52355.0	67184.0	92961.0	135212.0	190026.0	278597.0	384514.0	561357.0	788238.0	1129873.0	1503539.0	2070983.0	2766743.0	4116347.0	6584670.0	15364896.0	87530792.0	24912543.0
	11.0	12.0	13.0	14.0	15.0	16.0	17.0	18.0	19.0	20.0	21.0	22.0	23.0	24.0	25.0	26.0	27.0	28.0	29.0	30.0	31.0	32.0	33.0	34.0	35.0	36.0	37.0
VCGS_FAM84_260	43.0	1112.0	4286.0	5816.0	5130.0	4308.0	4449.0	6094.0	9048.0	13662.0	20553.0	29081.0	41822.0	56390.0	77817.0	101273.0	139885.0	187581.0	261243.0	371784.0	534987.0	777686.0	1308017.0	2460078.0	6998340.0	46956024.0	17219585.0

