Sample	Overlapping Genes	No Feature	Ambiguous Features	Multimapping	Unmapped
B11-25-1M	69362825.0	4031895.0	6732126.0	5876240.0	3327199.0
BON_B09-9_CHX_2	58065089.0	2030331.0	4964501.0	3776439.0	606924.0
BON_B12-71_2	85212064.0	2488090.0	8406516.0	6813417.0	1294357.0
BON_B14-51_1_2	43513364.0	1079272.0	4695906.0	2552976.0	918109.0
BON_B14_48_CHX-_1	99957825.0	1941372.0	10208150.0	8660936.0	1673942.0
BON_B14_48_CHX_1	127399755.0	4967986.0	11266423.0	9316762.0	1534965.0
BON_B15-125_1_2	60524285.0	1592676.0	7542427.0	3818459.0	1474596.0
BON_B15-26_1_1	43293498.0	944642.0	4781839.0	2027049.0	840436.0
BON_B15-95_CHX_1	64607462.0	2727504.0	5749113.0	4989383.0	929697.0
BON_B15-98_1_2	47937632.0	1418145.0	5304544.0	3052951.0	1153205.0
BON_B16-108_CHX-_1	118928869.0	2864428.0	11934403.0	9029573.0	1499202.0
BON_B16-108_CHX_1	98917676.0	4299123.0	8911528.0	6691182.0	1448794.0
BON_B16-50_1_2	40609294.0	947061.0	4694712.0	3484822.0	945890.0
BON_B16-57_1_2	32906939.0	1170092.0	3914954.0	2087161.0	848735.0
BON_B17-28_1	110701049.0	3193454.0	10249677.0	10278782.0	1978913.0
BON_B17-54_1	58576341.0	1476080.0	5997947.0	5384595.0	688846.0
BON_B18-23_CHX_1	56958598.0	2670103.0	5462824.0	3885346.0	816061.0
BON_B18-37_1	44609474.0	1273050.0	4732235.0	3277866.0	547084.0
BON_B18_65_CHX_1	30758382.0	1285034.0	2715410.0	2786950.0	432822.0
BON_B19-03_CHX_1	36324673.0	1454443.0	3202564.0	2706729.0	471049.0
BON_B19-45_CHX_1	57277485.0	2684055.0	5104930.0	3841306.0	787026.0
BON_B19-52_CHX_1	35003133.0	1494146.0	3263212.0	2843893.0	491534.0
BON_B19-54_CHX_1	56266077.0	2702681.0	5550031.0	4466597.0	737024.0
BON_B19-59_CHX_1	59299759.0	2469127.0	5292360.0	4640575.0	799949.0
BON_B20_36_CHX_1	38091248.0	1625173.0	3578491.0	3758372.0	1433775.0
BON_FC2_CHX-_1	80956276.0	2125889.0	8343901.0	7497749.0	1031683.0
BON_FC2_CHX_1	137607089.0	6019116.0	13408398.0	10390498.0	1916920.0
BON_UC355_CHX_1	66150728.0	3171057.0	6035679.0	4117017.0	750417.0
BON_UC522_1	52853437.0	1498362.0	5326876.0	2894545.0	809696.0
HK-006	100543370.0	2421097.0	9909064.0	5218659.0	896854.0
HK-010	82985340.0	2176519.0	8445737.0	4023707.0	785115.0
HK-015	85529375.0	1953914.0	9254831.0	4447694.0	878074.0
HK-022	93509098.0	2582121.0	9404868.0	4433416.0	893388.0
HK-025	104901344.0	5014741.0	11463632.0	5158460.0	1591315.0
HK-032	111749667.0	3188237.0	12167339.0	5623804.0	1299716.0
HK-035	107435024.0	2669804.0	11106330.0	5111827.0	954214.0
HK-047	87532900.0	2128727.0	9241190.0	4444904.0	861416.0
HK-061	68924152.0	1573541.0	7126547.0	3329540.0	609918.0
HK-070	43656324.0	1008343.0	4292874.0	2606221.0	606591.0
HK-071-001	132078327.0	2883978.0	12172572.0	8612692.0	1655835.0
HK-071-004	38383000.0	778936.0	3987669.0	2266193.0	488572.0
HK-073	104952960.0	2494746.0	10529181.0	5232598.0	964322.0
HK-075	97234832.0	2492644.0	10246133.0	4886068.0	1064727.0
HK-081	100848539.0	2286350.0	10461872.0	5225887.0	900488.0
HK-085	116027463.0	2321900.0	12366896.0	6123428.0	1454444.0
HK-087	102635538.0	2355832.0	10383759.0	5237913.0	1327850.0
HK-095	97424060.0	2673545.0	11699962.0	5062145.0	2477134.0
HK-100	114293846.0	4399609.0	10470251.0	6476638.0	1505059.0
HK-104	88865746.0	1845893.0	8843704.0	5035441.0	903829.0
HK-107	95540448.0	2721103.0	9712800.0	4645111.0	908769.0
HK-108	104099695.0	3273222.0	10385922.0	5207514.0	986939.0
HK-114	39671065.0	977780.0	3920298.0	2270954.0	464904.0
HK-115	103940277.0	2814872.0	11734700.0	5193134.0	1054148.0
HK-116	86373199.0	2114205.0	8815249.0	4353678.0	948778.0
HK-119	94517255.0	2014773.0	9815990.0	5069522.0	765328.0
HK-124	106990044.0	2630827.0	11185694.0	5380012.0	988318.0
HK-126	122001085.0	3323215.0	12748700.0	5755948.0	1107568.0
HK-127	94121550.0	2350085.0	9866863.0	4472134.0	863992.0
HK-131	90496028.0	2511191.0	9582352.0	4472151.0	824188.0
HK-133	33550795.0	662747.0	3706939.0	1891269.0	557519.0
HK-134	99745545.0	6190010.0	9040528.0	5112653.0	1107401.0
HK-139	61981645.0	1391333.0	6338530.0	2971717.0	591400.0
HK006_0016	36293091.0	1155252.0	3612964.0	2202356.0	359135.0
HK010_0026	78309193.0	2674179.0	7708933.0	4313022.0	763768.0
HK011_0029	41258134.0	702278.0	4426164.0	3781912.0	607260.0
HK024_0065	46750149.0	851662.0	4680112.0	4522685.0	650090.0
HK028_0073	43630749.0	727083.0	4328498.0	3048610.0	588740.0
HK044_0109	39572673.0	955313.0	3810206.0	2275497.0	538246.0
HK044_0110	51571781.0	1285995.0	5814116.0	5844118.0	669120.0
HK085-001	73963507.0	2345940.0	8292850.0	4035335.0	898986.0
HK088-001_2	37055760.0	975709.0	4233574.0	1547525.0	837898.0
HK101-001	89062944.0	1642251.0	9737292.0	6654861.0	1449038.0
HK106-001	40561720.0	676991.0	4027886.0	3558119.0	621720.0
HK117_001	55361169.0	1376702.0	6031710.0	5637438.0	655182.0
INMR_IV_615	65037311.0	3714391.0	6663041.0	4704311.0	1059846.0
MESP014_2	26728053.0	1467426.0	2399406.0	2564196.0	519835.0
NH12-843_Fibroblasts	18772136.0	731760.0	1942967.0	1721016.0	313369.0
RGP_7_1_2	36665280.0	825367.0	4265104.0	2128443.0	883580.0
RGP_7_2_2	36262259.0	1009297.0	4097218.0	1838687.0	838275.0
RGP_7_3_2	39120151.0	995098.0	4621289.0	2733624.0	824255.0
RGP_7_4_2	29503097.0	748676.0	3385270.0	2028399.0	3500675.0
RGP_7_5_2	36183722.0	931936.0	4408032.0	2042072.0	784131.0
SWE_36223_1	47729648.0	1856780.0	5301182.0	5804754.0	862141.0
SWE_36326_1	49593579.0	1928013.0	5749238.0	4128967.0	987263.0
VCGS_DLS_FAM1_1	60292197.0	1917580.0	5673466.0	3796304.0	894785.0
VCGS_FAM11_32_2	35449933.0	1940105.0	4092674.0	2730938.0	885086.0
VCGS_FAM12_36_2	40253114.0	1739096.0	4810805.0	5709937.0	984360.0
VCGS_FAM147_459_2	50583513.0	1085385.0	5798337.0	3159459.0	868838.0
VCGS_FAM148_462_2	60655593.0	2058521.0	6828384.0	3196978.0	749034.0
VCGS_FAM149_465_2	60857389.0	2123011.0	7026244.0	4165384.0	856831.0
VCGS_FAM150_468_2	63812679.0	1855200.0	7386796.0	3812918.0	906369.0
VCGS_FAM1_1_2	40966144.0	1597527.0	5266274.0	3355133.0	966305.0
VCGS_FAM27_84_2	35626703.0	811244.0	3292894.0	2215937.0	754602.0
VCGS_FAM29_90	37371466.0	938961.0	3884327.0	3359162.0	710086.0
VCGS_FAM2_4_2	56953843.0	1533036.0	7319812.0	3614388.0	1893104.0
VCGS_FAM31_97_2	38664636.0	1432513.0	4013364.0	3886154.0	1005963.0
VCGS_FAM39_123	30564418.0	536343.0	3210021.0	2790298.0	540722.0
VCGS_FAM3_7_2	63327761.0	2437138.0	6682877.0	4056164.0	1266081.0
VCGS_FAM41_129_2	31531958.0	1404161.0	3968804.0	3404022.0	800788.0
VCGS_FAM42_132_2	36394283.0	901828.0	3429166.0	2385287.0	837629.0
VCGS_FAM49_153	41377722.0	840015.0	4848877.0	3262118.0	656662.0
VCGS_FAM4_13_2	39923758.0	2293235.0	5326484.0	3411514.0	988180.0
VCGS_FAM52_162_3	57108806.0	1413282.0	6200734.0	3879069.0	668569.0
VCGS_FAM58_181	38126390.0	842683.0	4211915.0	2611916.0	779650.0
VCGS_FAM61_190	47839077.0	1006471.0	5409318.0	3324892.0	652965.0
VCGS_FAM67_209	40633088.0	876833.0	4147034.0	2932023.0	644233.0
VCGS_FAM73_227_2	57166095.0	2112028.0	6902139.0	3700275.0	714875.0
VCGS_FAM84_260	30002265.0	623372.0	3530575.0	1917795.0	447760.0
