Sample	End 1 Sense	End 1 Antisense	End 2 Sense	End 2 Antisense
B11-25-1M	37218735.0	36995282.0	36942063.0	36721130.0
BON_B09-9_CHX_2	1030202.0	59544937.0	59432344.0	1010123.0
BON_B12-71_2	837023.0	89832206.0	89623409.0	797146.0
BON_B14-51_1_2	427602.0	44875960.0	44847014.0	408784.0
BON_B14_48_CHX-_1	1199434.0	104669121.0	104333368.0	1154967.0
BON_B14_48_CHX_1	2208680.0	130804985.0	130663596.0	2135448.0
BON_B15-125_1_2	665050.0	62798779.0	62721016.0	635877.0
BON_B15-26_1_1	352342.0	44236171.0	44189498.0	338841.0
BON_B15-95_CHX_1	1147023.0	66383006.0	66059791.0	1096345.0
BON_B15-98_1_2	517950.0	50091452.0	49998167.0	493386.0
BON_B16-108_CHX-_1	1049866.0	124558099.0	124310691.0	1002461.0
BON_B16-108_CHX_1	1991874.0	101429914.0	101306686.0	1922344.0
BON_B16-50_1_2	601527.0	42277100.0	42265191.0	557196.0
BON_B16-57_1_2	401465.0	34371184.0	34397170.0	376698.0
BON_B17-28_1	1235858.0	117894457.0	117516172.0	1176895.0
BON_B17-54_1	674626.0	60985413.0	60906865.0	628724.0
BON_B18-23_CHX_1	1112639.0	58803775.0	58486392.0	1074820.0
BON_B18-37_1	443649.0	46417477.0	46437726.0	408526.0
BON_B18_65_CHX_1	677832.0	31791398.0	31690774.0	667785.0
BON_B19-03_CHX_1	724696.0	37275086.0	37221428.0	711228.0
BON_B19-45_CHX_1	905147.0	59239093.0	58904706.0	872247.0
BON_B19-52_CHX_1	826986.0	35967319.0	35955299.0	811129.0
BON_B19-54_CHX_1	1336971.0	57995112.0	57740057.0	1288885.0
BON_B19-59_CHX_1	1106256.0	61041879.0	60758301.0	1054372.0
BON_B20_36_CHX_1	998205.0	39539387.0	39472415.0	986606.0
BON_FC2_CHX-_1	1131544.0	84860150.0	84689185.0	1073062.0
BON_FC2_CHX_1	2833476.0	142171009.0	142057242.0	2760097.0
BON_UC355_CHX_1	1488365.0	67561404.0	67569410.0	1466269.0
BON_UC522_1	449467.0	54937728.0	54735076.0	428925.0
HK-006	641879.0	104254415.0	104303982.0	615705.0
HK-010	563722.0	86036892.0	86082619.0	536673.0
HK-015	590557.0	89049580.0	88933708.0	560737.0
HK-022	678261.0	96527950.0	96595610.0	657439.0
HK-025	944410.0	111900831.0	111818883.0	923300.0
HK-032	754410.0	117187512.0	117035278.0	734798.0
HK-035	728285.0	110772557.0	110890036.0	699536.0
HK-047	596195.0	91257682.0	91160527.0	568868.0
HK-061	450765.0	71463585.0	71446925.0	429077.0
HK-070	374254.0	45155350.0	44954241.0	383222.0
HK-071-001	926655.0	138465607.0	138322958.0	912642.0
HK-071-004	327228.0	39649094.0	39539975.0	327520.0
HK-073	720602.0	108432470.0	108495589.0	698447.0
HK-075	679140.0	101153401.0	101019528.0	655732.0
HK-081	704683.0	104519471.0	104461363.0	677438.0
HK-085	757317.0	120019909.0	119989932.0	731997.0
HK-087	737411.0	106883108.0	106785518.0	711943.0
HK-095	1141435.0	102417633.0	102527630.0	1110331.0
HK-100	884144.0	121549593.0	121318669.0	873383.0
HK-104	633560.0	92382800.0	92281326.0	606626.0
HK-107	704406.0	99279335.0	99259374.0	676345.0
HK-108	732156.0	108487620.0	108546429.0	705377.0
HK-114	334272.0	40826066.0	40730744.0	332471.0
HK-115	736435.0	108543993.0	108520190.0	710389.0
HK-116	577382.0	90258522.0	90182705.0	560120.0
HK-119	618876.0	98237373.0	98218357.0	593280.0
HK-124	745617.0	110890174.0	110943204.0	718663.0
HK-126	801148.0	126353856.0	126508699.0	759774.0
HK-127	615875.0	97399781.0	97372886.0	587236.0
HK-131	692923.0	93837429.0	93861873.0	674244.0
HK-133	285795.0	34499724.0	34407000.0	291519.0
HK-134	858960.0	106129100.0	106231545.0	862198.0
HK-139	388463.0	64259084.0	64219642.0	374825.0
HK006_0016	375267.0	37629347.0	37680218.0	363721.0
HK010_0026	716438.0	81587719.0	81658606.0	690426.0
HK011_0029	572759.0	43379643.0	43261988.0	511230.0
HK024_0065	713706.0	49053648.0	49004402.0	670856.0
HK028_0073	537449.0	44976354.0	44992962.0	506527.0
HK044_0109	379279.0	41213255.0	41131911.0	361712.0
HK044_0110	911742.0	54425706.0	54133456.0	861945.0
HK085-001	654312.0	77531645.0	77528938.0	635720.0
HK088-001_2	308669.0	37272002.0	37145043.0	309651.0
HK101-001	856008.0	93825821.0	93272820.0	804368.0
HK106-001	537611.0	42670001.0	42623837.0	482762.0
HK117_001	867289.0	58757765.0	58460257.0	821747.0
INMR_IV_615	768351.0	69791420.0	69715743.0	742199.0
MESP014_2	630774.0	28060749.0	27982594.0	624677.0
NH12-843_Fibroblasts	395879.0	19617734.0	19506163.0	349614.0
RGP_7_1_2	358167.0	38026497.0	38016304.0	328213.0
RGP_7_2_2	310886.0	37547171.0	37516127.0	289744.0
RGP_7_3_2	481907.0	40788416.0	40724520.0	436941.0
RGP_7_4_2	360062.0	30616145.0	30532982.0	335947.0
RGP_7_5_2	330034.0	37754227.0	37612309.0	307529.0
SWE_36223_1	1206417.0	50627246.0	50574405.0	1087219.0
SWE_36326_1	827659.0	52316864.0	52242050.0	761174.0
VCGS_DLS_FAM1_1	686479.0	62270312.0	62246645.0	666307.0
VCGS_FAM11_32_2	523676.0	38010783.0	37928974.0	484738.0
VCGS_FAM12_36_2	1134692.0	43424600.0	43353581.0	995407.0
VCGS_FAM147_459_2	424160.0	53136190.0	53011343.0	415502.0
VCGS_FAM148_462_2	532772.0	63664537.0	63496469.0	512147.0
VCGS_FAM149_465_2	746425.0	63513059.0	63485789.0	702198.0
VCGS_FAM150_468_2	565200.0	66975267.0	66930963.0	534782.0
VCGS_FAM1_1_2	638958.0	43778011.0	43678153.0	575323.0
VCGS_FAM27_84_2	427770.0	36569742.0	36413156.0	400986.0
VCGS_FAM29_90	615095.0	39321748.0	39267819.0	555763.0
VCGS_FAM2_4_2	492246.0	60212485.0	60083290.0	478750.0
VCGS_FAM31_97_2	762748.0	40688904.0	40543440.0	664114.0
VCGS_FAM39_123	237510.0	32056026.0	32008048.0	224939.0
VCGS_FAM3_7_2	650429.0	67286962.0	67104583.0	626991.0
VCGS_FAM41_129_2	652317.0	34009785.0	33952732.0	574830.0
VCGS_FAM42_132_2	460167.0	37615563.0	37499715.0	419895.0
VCGS_FAM49_153	305691.0	43645036.0	43560128.0	289940.0
VCGS_FAM4_13_2	700572.0	43491438.0	43430582.0	626292.0
VCGS_FAM52_162_3	540156.0	59272287.0	59227222.0	499516.0
VCGS_FAM58_181	375331.0	39958518.0	39942788.0	341738.0
VCGS_FAM61_190	350114.0	50220202.0	50118242.0	334363.0
VCGS_FAM67_209	478626.0	42244250.0	42208783.0	442159.0
VCGS_FAM73_227_2	608289.0	60523607.0	60464126.0	576784.0
VCGS_FAM84_260	200675.0	31551179.0	31559745.0	190546.0
